v -7.216 0.209839 2.8249
v -8.19 0.187271 2.58613
v -7.221 0.369474 2.79018
v -7.216 0.211513 -2.82478
v -7.2 -0.37548 -2.65242
v -5.876 0.161912 -2.86022
v -8.191 -0.277595 -2.4653
v -8.13 -0.28196 -2.52135
v -8.19 0.188803 -2.58602
v -8.238 0.198269 -2.53891
v -8.182 -0.590424 -0.000175
v -8.073 -0.515161 2.36367
v -8.016 -0.533908 -0.000158
v -5.876 0.160216 2.86032
v -5.967 -0.209819 2.85894
v -7.094 0.384463 2.78902
v -7.984 0.349446 1.85735
v -8.374 0.154532 4.6e-005
v -8.006 0.345125 1.45537
v -8.13 -0.283454 2.52119
v -7.2 -0.377052 2.6522
v -8.024 0.341688 -1.07619
v -8.006 0.345987 -1.45516
v -7.851 0.354087 -2.61015
v -7.929 0.363145 -2.52704
v -7.948 0.360514 -2.29505
v -8.016 -0.533193 -2.4142
v -8.073 -0.513761 -2.36397
v -8.033 0.337604 -0.716211
v -8.016 -0.534623 2.41388
v -8.191 -0.279056 2.46514
v -8.033 0.33718 0.716411
v -8.024 0.34105 1.07639
v -8.05 0.324522 9.6e-005
v -7.948 0.359154 2.29526
v -8.238 0.196765 2.53903
v -6.037 -0.541123 2.73949
v -7.182 -0.677548 -2.47184
v -7.221 0.371128 -2.78996
v -7.851 0.352541 2.61035
v -6.037 -0.539499 -2.73981
v -5.967 -0.208125 -2.85906
v -7.094 0.386115 -2.78879
v -8.3 -0.340438 -0.000101
v -7.182 -0.679012 2.47144
v -6.013 -0.883286 2.54016
v -6.013 -0.88178 -2.54068
v -7.984 0.350546 -1.85714
v -7.929 0.361647 2.52725
v -0.54296 2.22086 -1.96411
v -0.54772 2.20522 -2.0345
v -0.331 2.13696 -1.97188
v -0.381 2.17597 -1.88443
v -7.23936 0.372844 -2.71105
v -7.91971 0.92142 -1.44186
v -7.914 0.950868 -1.4413
v -7.925 0.946298 -1.03833
v -7.93072 0.916852 -1.03886
v -2.99326 2.20114 -2.02637
v -2.995 2.2367 -1.94775
v -3.311 2.21128 -1.91103
v -3.33076 2.17327 -1.99344
v -1.24625 2.38507 0.000707
v -2.916 2.31691 0.000687
v -2.9555 2.3208 -0.964476
v -1.313 2.37688 -0.930825
v 7.196 0.114534 3.4e-005
v 6.988 0.154532 4.6e-005
v 6.90615 0.14733 -1.13073
v 7.039 0.132767 -1.17256
v 1.76991 1.09553 -2.37269
v 1.615 1.06954 -2.64603
v 2.197 1.02896 -2.59549
v -5.29727 0.445989 -2.99383
v -5.303 0.636443 -2.81626
v -5.651 0.456949 -2.86188
v -5.59074 0.310322 -2.99349
v 3.64676 0.482438 -2.99533
v 3.675 0.681529 -2.82345
v 3.14 0.617077 -2.87218
v 3.17621 0.432559 -3.0023
v 6.356 0.425462 -1.84929
v 6.291 0.421336 -1.92634
v 6.953 0.085734 -1.87514
v 2.195 0.965908 -2.76722
v 3.271 0.940241 -2.7085
v 3.245 0.973946 -2.59411
v 6.006 0.664332 -1.30754
v 6.009 0.668652 -1.24749
v 5.043 0.845262 -1.3885
v 7.02 -0.072047 -1.63092
v 6.923 -0.066841 -2.08989
v 6.577 -0.176643 -1.6671
v 7.004 -0.558344 -1.0784
v 6.76 -0.498043 -1.10471
v 6.964 -0.427219 -1.17692
v 7.274 0.01954 6e-006
v 7.186 -0.069932 -0.494819
v 7.102 -0.140121 -0.478615
v 7.066 -0.15045 -4.5e-005
v 6.746 0.037451 -2.46773
v 6.284 0.131456 -1.93863
v 6.273 0.126936 -2.42171
v -3.824 0.45895 -3.03828
v -2.912 1.08592 -2.76785
v -4.158 0.628112 -2.96336
v 2.218 1.25446 0.000372
v 2.039 1.18245 -1.57968
v 2.206 1.17242 -1.5768
v -1.37975 2.2727 -1.91832
v -0.448 2.32114 -0.972474
v 4.631 0.386683 -2.83879
v 4.863 0.097201 -2.88608
v 5.114 0.719552 -2.649
v 4.933 -0.298636 -2.81456
v 4.976 -0.705208 -2.67816
v 5.205 -0.183598 -2.81726
v 2.754 0.432723 -2.93027
v 6.497 0.4838 -1.26159
v 7.033 0.128483 -1.23562
v 6.925 0.242385 -1.13832
v 1.65791 1.08279 -2.49179
v 1.386 1.0207 -2.74859
v -3.423 -0.699484 -2.74211
v -2.858 -0.703825 -2.80016
v -2.964 0.168875 -3.03327
v -3.506 -0.2879 -2.87944
v -3.709 2.06747 -2.01667
v -3.972 1.82485 -2.22844
v -2.991 2.12813 -2.07499
v -3.35 2.0978 -2.04583
v -7.9 1.11504 -2.24949
v -7.819 0.940352 -2.27747
v -7.803 0.927565 -2.47263
v -7.879 1.09245 -2.46176
v -7.917 0.445929 -0.567973
v -7.934 0.434514 0.000129
v -7.893 0.955427 -1.84328
v -8.022 1.11947 0.000332
v -7.94238 0.388608 2.29432
v -7.92312 0.392878 2.5259
v -7.75475 0.852817 2.52287
v -7.81074 0.895685 2.466
v -7.803 0.926099 2.47318
v -8.01828 0.370497 1.07587
v -8.0003 0.374573 1.45476
v -0.551 2.1269 2.07625
v -1.38225 2.18283 2.03863
v -1.38126 2.24592 1.99417
v -0.54772 2.20401 2.03581
v 7.102 -0.140405 0.478531
v 7.092 -0.077894 1.1769
v 7.186 -0.070226 0.494777
v 6.284 0.435815 2.44945
v 6.256 0.420622 2.43161
v 6.29 0.406592 2.52177
v -4.773 0.715329 2.86777
v -4.78925 0.516855 3.02453
v -5.29727 0.444215 2.99409
v -5.303 0.634774 2.81663
v 3.14 0.615375 2.87255
v 3.17621 0.430779 3.00256
v 2.754 0.430987 2.93053
v 4.76734 0.040553 2.89163
v 4.5317 0.266365 2.93641
v 4.863 0.095491 2.88613
v -7.746 0.876811 2.53972
v -7.782 0.991956 2.55248
v 7.052 0.088096 1.26812
v 6.953 0.084622 1.87519
v 6.356 0.124383 1.85276
v 6.395 0.129007 1.35268
v 6.868 -0.475106 0.50813
v 6.955 -0.155382 0.480692
v 7.04 -0.565499 0.4721
v 7.02 -0.073013 1.63087
v 7.118 0.027583 1.22077
v 6.923 -0.068079 2.08985
v 6.777 0.117274 2.58688
v 6.704 0.076524 2.51732
v 6.781 -0.033577 2.5085
v 3.675 0.679855 2.82385
v 3.271 0.938635 2.70906
v 2.039 1.18152 1.58038
v 2.206 1.17148 1.57749
v 1.92192 1.12751 2.04853
v -7.624 1.06934 2.30863
v -6.765 1.18062 1.96242
v -6.7355 1.17296 2.17951
v 5.114 0.717982 2.64943
v 6.057 0.512563 2.61163
v 6.02 0.024285 2.8209
v 6.282 0.382281 2.58603
v 4.933 -0.300304 2.81438
v 5.203 -0.110164 2.82634
v 5.205 -0.185268 2.81715
v 2.351 -0.716075 2.74485
v 1.711 0.101844 3.01207
v 2.427 -0.309368 2.90149
v 6.75 0.554507 0.000164
v 6.497 0.483052 1.26187
v 6.009 0.667912 1.24789
v 6.128 0.789493 0.000234
v 5.106 0.756561 2.51701
v 6.036 0.551282 2.49221
v 1.65791 1.08131 2.49243
v 1.505 1.06712 2.56767
v 1.50309 1.07296 2.53454
v -2.964 0.167077 3.03337
v -2.858 -0.705485 2.79974
v -3.506 -0.289606 2.87927
v -3.709 2.06627 2.0179
v -3.35 2.09659 2.04707
v -3.972 1.82353 2.22952
v -7.742 0.879487 0.000261
v -7.795 0.895373 0.5454
v -7.917 0.445593 0.568237
v 6.6 -0.46353 2.51512
v 6.657 -0.4591 2.46207
v -7.925 0.945682 1.03889
v -7.94 0.941844 0.681908
v -7.914 0.950014 1.44186
v -7.717 1.06948 0.000317
v -6.882 1.19447 0.000354
v -6.696 1.12685 2.54203
v -5.651 0.455253 2.86215
v -0.54296 2.2197 1.96542
v -1.37975 2.27156 1.91967
v 1.412 0.984439 2.78357
v 1.615 1.06797 2.64667
v 1.626 0.989246 2.76552
v 6.925 0.241711 1.13846
v 7.033 0.127751 1.23569
v -2.821 -0.942266 2.63528
v -1.117 -0.725645 2.78496
v -1.132 -0.937278 2.63422
v 5.612 -0.125626 2.7835
v 6.7 -0.703484 2.5207
v 6.041 -0.71272 2.5918
v -7.879 1.09099 2.46241
v -7.599 1.04095 2.45895
v 3.247 1.05167 1.59578
v 5.042 0.844934 1.43499
v 3.245 0.972408 2.59469
v 3.234 1.05611 1.54373
v 6.273 0.1255 2.42179
v 6.746 0.035989 2.46775
v 7.041 -0.575423 -0.000171
v 6.964 -0.427917 1.17666
v 6.842 -0.168824 1.09087
v 6.76 -0.498697 1.10442
v 6.807 -0.387985 2.10029
v 6.752 -0.709064 2.46676
v 5.046 0.86374 1.32378
v 5.102 0.974482 0.000289
v 4.12025 0.43902 2.97518
v 4.631 0.385001 2.83902
v 2.516 0.106544 2.98402
v 2.83751 0.286586 2.99714
v 2.57353 0.029261 2.97064
v -5.59074 0.308548 2.99367
v -5.82416 0.095817 2.97217
v 6.3905 0.459433 1.85566
v 6.356 0.424366 1.84954
v -3.627 2.18475 1.87562
v -3.617 2.27508 0.929335
v -3.28625 2.29765 0.947594
v -3.311 2.21014 1.91235
v -2.991 2.1269 2.07625
v -2.99326 2.19994 2.02768
v -8.02078 0.365611 0.744159
v -7.82501 0.909587 2.27729
v -7.819 0.939002 2.27803
v -7.97836 0.378902 1.85647
v -7.624 1.07071 -2.308
v -7.599 1.04241 -2.45833
v -6.696 1.12836 -2.54136
v -6.706 1.16671 -2.39591
v -3.608 0.179705 -3.10645
v 1.412 0.986089 -2.78299
v 1.626 0.990884 -2.76493
v 5.046 0.864524 -1.32327
v 3.299 1.18447 0.000351
v 3.222 1.08127 -1.47582
v 6.3905 0.460533 -1.85539
v 6.017 0.659752 -1.3446
v 6.036 0.552758 -2.49188
v 6.284 0.437267 -2.44919
v 5.203 -0.10849 -2.82641
v 5.612 -0.123976 -2.78358
v 6.02 0.025957 -2.82088
v 6.6 -0.46204 -2.5154
v 6.7 -0.70199 -2.52112
v 6.752 -0.707602 -2.46718
v 6.657 -0.45764 -2.46234
v 6.057 0.514111 -2.61133
v -6.7355 1.17425 -2.17881
v -6.765 1.18178 -1.96172
v 1.92192 1.12873 -2.04786
v 6.704 0.078016 -2.51727
v 6.781 -0.032091 -2.50852
v 7.052 0.088848 -1.26807
v 7.118 0.028307 -1.22075
v 7.154 -0.600423 -0.000178
v 7.046 -0.717269 -1.1742
v 7.199 -0.750414 -0.000222
v 7.092 -0.077196 -1.17694
v 6.842 -0.168178 -1.09097
v 6.906 -0.39223 -1.61655
v 5.042 0.845784 -1.43449
v 6.356 0.125481 -1.85269
v 4.76734 0.042267 -2.8916
v 4.5317 0.268105 -2.93626
v 2.516 0.108312 -2.98396
v 2.427 -0.307648 -2.90167
v 2.57353 0.031021 -2.97063
v -3.92364 0.313948 -3.1016
v -4.24797 0.461232 -3.05777
v -3.2615 2.29716 0.000681
v -3.607 2.2694 0.000672
v -3.617 2.27563 -0.927987
v -3.28625 2.29821 -0.946232
v -1.38126 2.2471 -1.99283
v -7.93851 0.9124 -0.712663
v -7.75475 0.854312 -2.52236
v -7.746 0.878316 -2.5392
v -4.501 1.3683 -2.53464
v -2.862 1.13013 -2.69735
v -4.279 1.51214 -2.432
v -7.94 0.942248 -0.68135
v -3.627 2.18586 -1.87432
v -3.66826 2.14539 -1.9605
v 7.05 0.254525 7.5e-005
v -5.82416 0.097579 -2.97211
v 4.12025 0.440784 -2.97492
v 4.161 0.611385 -2.81124
v 6.868 -0.474804 -0.508412
v 6.955 -0.155098 -0.480784
v 6.807 -0.386741 -2.10051
v 1.711 0.103629 -3.01201
v -4.773 0.717029 -2.86735
v -4.695 1.21527 -2.70938
v -7.782 0.993468 -2.55189
v 5.609 -0.720946 -2.61334
v 6.041 -0.711184 -2.59223
v 5.609 -0.189154 -2.76832
v -2.821 -0.940704 -2.63583
v -1.132 -0.935716 -2.63478
v -1.117 -0.723995 -2.78539
v 6.777 0.118808 -2.58681
v -7.23936 0.371238 2.71127
v -7.93072 0.916236 1.0394
v -7.93851 0.911978 0.713203
v -3.66826 2.14423 1.96177
v -3.33076 2.17209 1.99472
v -2.9555 2.32022 0.965852
v 6.357 0.423787 1.33052
v -3.68828 0.105967 3.0977
v -3.608 0.177864 3.10656
v 4.161 0.609719 2.8116
v 2.195 0.964268 2.76779
v 5.043 0.844439 1.389
v 6.006 0.663557 1.30794
v 6.017 0.658955 1.34499
v 7.046 -0.717965 1.17378
v 6.906 -0.393188 1.61631
v 7.004 -0.558983 1.07807
v 7.039 0.132073 1.17264
v -4.695 1.21366 2.7101
v 1.386 1.01907 2.7492
v -3.824 0.45715 3.03855
v -2.912 1.08428 2.7685
v -7.9 1.11371 2.25015
v -7.893 0.954335 1.84384
v -7.958 0.924485 0.000274
v -2.862 1.12853 2.69802
v -4.279 1.5107 2.43289
v 3.222 1.08039 1.47646
v 1.437 -0.730924 2.75901
v 4.99 -0.998328 2.53687
v 4.976 -0.706795 2.67775
v 5.609 -0.722494 2.61291
v 5.596 -0.999284 2.44788
v -4.158 0.626356 2.96373
v 6.603 -0.108689 2.03327
v 6.577 -0.177631 1.667
v 6.291 0.420194 1.92659
v 6.284 0.130308 1.93871
v -3.92364 0.31211 3.10178
v -4.24797 0.45942 3.05804
v -2.995 2.23554 1.94907
v -7.795 0.895696 -0.54487
v 1.437 -0.729288 -2.75944
v 2.351 -0.714449 -2.74527
v 5.106 0.758053 -2.51656
v 6.256 0.422063 -2.43136
v 6.29 0.408086 -2.52153
v 7.04 -0.565219 -0.472435
v 6.596 -0.391538 -1.67754
v -3.68828 0.107803 -3.09764
v 6.357 0.424575 -1.33026
v -8.02078 0.366052 -0.743943
v -7.81074 0.897147 -2.46547
v -8.0003 0.375435 -1.45454
v -7.97836 0.380002 -1.85625
v -7.8464 0.384335 -2.60421
v -7.82501 0.910937 -2.27676
v -7.89879 0.925931 -1.84358
v -0.174 2.2994 0.000681
v -0.354 2.3494 0.000696
v -0.2775 2.28568 -0.932873
v -4.78925 0.518647 -3.02422
v 2.83751 0.288362 -2.99697
v 6.603 -0.107485 -2.03333
v 6.395 0.129809 -1.35261
v -4.757 1.30861 -2.56231
v -5.102 1.28835 -2.53954
v 3.234 1.05703 -1.5431
v 1.366 -0.941034 -2.60683
v 6.282 0.383813 -2.58581
v -3.397 -0.941102 -2.60084
v 1.50309 1.07447 -2.53391
v 1.505 1.06865 -2.56704
v -4.501 1.36679 2.53545
v -7.8464 0.382791 2.60443
v -7.89879 0.924839 1.84413
v -6.706 1.16529 2.39661
v -0.448 2.32056 0.97385
v -1.313 2.37632 0.932233
v 6.90615 0.14666 1.13081
v 2.197 1.02743 2.5961
v 1.76991 1.09412 2.37334
v 5.609 -0.72172 -0.000214
v 5.596 -0.998559 -0.000296
v -0.381 2.17486 1.88572
v -0.2775 2.28513 0.934227
v 5.609 -0.190794 2.7682
v -0.331 2.13579 1.97315
v -3.423 -0.701108 2.74169
v -5.102 1.28684 2.54031
v -4.757 1.30709 2.56309
v 1.366 -0.942578 2.60628
v 2.30568 -0.921945 2.61257
v 6.533 -0.418554 2.04761
v 6.596 -0.392532 1.67731
v -7.91971 0.920566 1.44241
v -0.551 2.12813 -2.07499
v 3.247 1.05262 -1.59516
v 6.533 -0.41734 -2.04786
v -1.38225 2.18404 -2.03734
v -7.94238 0.389968 -2.29409
v -7.92312 0.394374 -2.52566
v -8.01828 0.371135 -1.07565
v 5.596 -0.997833 -2.44847
v 2.30568 -0.920397 -2.61311
v 3.64676 0.480662 2.99561
v -3.397 -0.942644 2.60028
v 4.99 -0.996824 -2.53746
v 0.698289 1.07239 2.76597
v 1.026 0.999223 2.76341
v -1.094 1.07407 2.74861
v -1.101 1.03466 2.80403
v 0.957207 0.971437 2.81927
v -2.644 0.666349 2.963
v -2.653 0.760903 2.92098
v -2.155 0.755936 2.92404
v -1.105 0.137091 3.0347
v -2.144 0.666286 2.957
v 0.624207 0.986469 2.82211
v 0.699157 1.09759 2.74967
v -2.83499 1.15277 2.68226
v 1.27902 1.04874 2.73032
v -2.95768 2.10282 2.09173
v -1.38284 2.1576 2.05496
v -0.561197 2.10234 2.09217
v -1.09329 1.09925 2.73231
v -0.143197 2.28469 0.000677
v -0.250753 2.27217 -0.934908
v -4.29386 1.51258 -2.40575
v -3.98935 1.82419 -2.20392
v 1.27902 1.05036 -2.7297
v -0.561197 2.10357 -2.09092
v 1.99681 1.0433 -1.54207
v 1.85492 1.03225 -2.02809
v -0.250753 2.27161 0.936254
v -3.98935 1.82288 2.205
v -3.72934 2.06428 1.99549
v 1.99681 1.04239 1.54269
v 2.17966 1.17521 0.000348
v -3.69306 2.13997 1.94395
v -6.70858 1.18282 2.16479
v -6.6807 1.17607 2.36977
v 0.698289 1.07403 -2.76533
v 0.699157 1.09922 -2.74901
v -3.72934 2.06546 -1.99427
v -0.312949 2.13182 -1.9462
v -6.6807 1.17748 -2.36907
v -6.70858 1.18411 -2.16409
v -3.69306 2.14112 -1.94268
v -3.65613 2.17841 -1.86605
v -1.38284 2.15882 -2.05368
v -5.09729 1.29289 2.51
v -4.75836 1.31241 2.53337
v -3.65613 2.1773 1.86734
v -3.64568 2.26631 0.928641
v 1.85492 1.03105 2.0287
v -4.50997 1.36965 2.50623
v -4.29386 1.51116 2.40664
v -5.09729 1.29437 -2.50924
v -6.73646 1.19073 -1.95912
v -4.75836 1.31391 -2.5326
v -4.50997 1.37114 -2.50542
v -0.353198 2.16353 -1.87565
v -2.95768 2.10405 -2.09049
v -0.353198 2.16242 1.87693
v -0.312949 2.13067 1.94746
v -1.09329 1.10087 -2.73166
v -1.094 1.0757 -2.74797
v -6.85057 1.20509 0.000357
v -2.83499 1.15436 -2.68158
v -6.73646 1.18957 1.95982
v -3.64136 2.25853 0.000669
v -3.64568 2.26686 -0.927297
v 1.123 1.08578 -2.75485
v 1.026 1.00086 -2.76282
v 0.669 1.33941 -2.63297
v 0.627001 1.03223 -2.88347
v 0.624207 0.988141 -2.82152
v 0.957207 0.973107 -2.81869
v 0.916 1.04207 -2.86936
v 0.665 1.25972 -3.10191
v 0.52 1.36825 -2.97167
v 0.453 1.31016 -3.14034
v 0.52 1.36649 2.97248
v 0.923 1.10239 3.05732
v 0.665 1.25789 3.10265
v 0.453 1.3083 3.14111
v 0.669 1.33785 2.63376
v 1.123 1.08414 2.7555
v 0.575 1.1024 3.05832
v 0.627001 1.03052 2.88408
v 0.923 1.1042 -3.05667
v 0.411 1.13619 -3.23231
v 0.672001 1.12083 -3.20049
v 0.575 1.10421 -3.05767
v 0.411 1.13428 3.23299
v 0.916 1.04037 2.86998
v 0.672001 1.11893 3.20115
v 3.675 0.681157 -1.56809
v 3.14 0.616691 -1.56811
v 4.863 0.096811 -1.56827
v -5.303 0.636074 -1.56811
v -5.651 0.456566 -1.56816
v 6.041 -0.711952 -0.000211
v 2.516 0.107893 -1.56826
v 4.631 0.386307 -1.56818
v 2.754 0.43232 -1.56817
v 2.351 -0.895771 -1.56856
v -6.037 -0.72082 -1.56851
v 4.863 0.095881 1.56832
v 4.631 0.385377 1.56841
v 2.516 0.106963 1.56833
v -4.773 0.715714 1.56851
v -5.303 0.635144 1.56848
v 4.976 -0.887441 1.56803
v 2.351 -0.896701 1.56803
v 2.427 -0.308973 1.5682
v 4.933 -0.299935 1.56821
v 2.30568 -0.921171 -0.000273
v 1.366 -0.941806 -0.000279
v -6.013 -0.882533 -0.000262
v -7.182 -0.67828 -0.000201
v -1.132 -0.936497 -0.000277
v 4.99 -0.997576 -0.000296
v -3.608 0.17832 1.56835
v -5.876 0.160599 1.56834
v -5.651 0.455636 1.56843
v -3.824 0.457585 1.56843
v -5.967 -0.209437 1.56823
v 2.754 0.43139 1.56842
v 3.14 0.615761 1.56848
v 3.675 0.680227 1.5685
v 4.161 0.610087 1.56848
v -3.423 -0.880805 -1.56856
v -3.397 -0.941873 -0.000279
v 4.976 -0.886511 -1.56856
v -3.608 0.17925 -1.56824
v -5.876 0.161529 -1.56825
v -5.967 -0.208507 -1.56836
v -3.506 -0.288288 -1.56838
v 4.161 0.611017 -1.56811
v 2.427 -0.308043 -1.56839
v -4.773 0.716644 -1.56808
v 4.933 -0.299005 -1.56838
v -2.821 -0.941485 -0.000279
v -4.158 0.626769 1.56848
v -3.423 -0.881735 1.56803
v -3.506 -0.289218 1.56821
v -6.037 -0.72175 1.56808
v -4.158 0.627699 -1.56811
v -3.824 0.458515 -1.56816
v -5.07 1.7158 -1.87165
v -5.07894 1.66754 -2.0197
v -5.092 1.79943 0.000533
v -5.075 1.57762 2.14616
v -5.07 1.71469 1.87267
v -5.07894 1.66634 2.02068
v -5.075 1.57889 -2.14522
v -2.144 0.668045 -2.97971
v -2.644 0.668112 -2.98571
v -2.644 0.668105 -2.96261
v -2.144 0.668038 -2.95661
v -2.155 0.755929 2.94714
v -2.653 0.760897 2.94409
v -2.144 0.666279 2.98011
v -2.644 0.666342 2.98611
v -2.653 0.762641 -2.94364
v -2.155 0.757675 -2.94669
v -2.155 0.757668 -2.92359
v -2.653 0.762634 -2.92053
v -1.101 1.03632 -2.80342
v -1.105 0.138889 -3.03461
v 4.20306 -0.660392 2.39103
v 3.74256 -0.660419 2.30081
v 3.74061 -0.641977 2.30081
v 4.19094 -0.545691 2.391
v 4.30297 -0.370631 2.76123
v 4.23432 -0.401287 2.75936
v 4.16781 -0.286381 2.75932
v 4.22859 -0.242124 2.76119
v 3.72566 -0.608484 2.3008
v 3.71958 -0.612779 2.74062
v 3.70828 -0.600255 2.74062
v 3.7133 -0.594792 2.30079
v 3.97138 -0.10988 2.75927
v 3.92823 -0.18491 2.39089
v 3.8234 -0.138361 2.39088
v 3.85004 -0.055997 2.75925
v 3.6792 -0.583506 2.74061
v 3.65433 -0.660279 2.77259
v 3.66269 -0.580014 2.74061
v 3.5965 -0.114721 2.39087
v 3.64503 -0.572683 2.30079
v 3.627 -0.576532 2.30079
v 3.48433 -0.138663 2.39088
v 3.29866 -0.045363 2.76113
v 3.3363 -0.110445 2.75927
v 3.22895 -0.188566 2.75929
v 3.17861 -0.13273 2.76116
v 3.59525 -0.594898 2.30079
v 3.60028 -0.600351 2.74062
v 3.589 -0.612895 2.74062
v 3.58292 -0.608611 2.3008
v 3.07388 -0.402319 2.75936
v 3.15289 -0.437542 2.39097
v 3.11753 -0.546645 2.391
v 3.03294 -0.528613 2.75939
v 3.57538 -0.643559 2.74063
v 3.57362 -0.660337 2.74064
v 3.11766 -0.774776 2.39107
v 3.56804 -0.678811 2.30082
v 3.57375 -0.696346 2.30082
v 3.15316 -0.883837 2.3911
v 3.07983 -1.0781 2.76144
v 3.14063 -1.03388 2.75954
v 3.22951 -1.13251 2.75957
v 3.17923 -1.1884 2.76147
v 3.59532 -0.726011 2.30083
v 3.60035 -0.720291 2.74065
v 3.61401 -0.730201 2.74066
v 3.61025 -0.736844 2.30084
v 3.45826 -1.26445 2.75961
v 3.48495 -1.18232 2.39119
v 3.59715 -1.20613 2.3912
v 3.58814 -1.29201 2.75962
v 3.64592 -0.740559 2.74066
v 3.66279 -0.740554 2.74066
v 3.82402 -1.18222 2.39119
v 3.68162 -0.744322 2.30084
v 3.69846 -0.736818 2.30084
v 3.92879 -1.13555 2.39117
v 4.12975 -1.18812 2.76147
v 4.07943 -1.13225 2.75957
v 4.16825 -1.03358 2.75954
v 4.22908 -1.07776 2.76144
v 3.72572 -0.71227 2.30083
v 3.71963 -0.707721 2.74065
v 3.72807 -0.69311 2.74065
v 3.73494 -0.696299 2.30082
v 4.34919 -0.80795 2.76136
v 4.27564 -0.792322 2.75947
v 4.28952 -0.660283 2.75943
v 4.36471 -0.660283 2.76131
v 3.73328 -0.677066 2.74064
v 3.74063 -0.678759 2.30082
v 4.23463 -0.918591 2.75951
v 4.30331 -0.949166 2.7614
v 3.71338 -0.725976 2.30083
v 4.02157 -1.06812 2.39115
v 3.67929 -0.737042 2.74066
v 3.71184 -1.2061 2.3912
v 3.7209 -1.29197 2.75962
v 3.62942 -0.737057 2.74066
v 3.6271 -0.744338 2.30084
v 3.33696 -1.2105 2.7596
v 3.29939 -1.27562 2.7615
v 3.58298 -0.712312 2.30083
v 3.21056 -0.983137 2.39113
v 3.5754 -0.677113 2.74064
v 3.1056 -0.660718 2.39103
v 3.01914 -0.66066 2.75943
v 3.58058 -0.627511 2.74063
v 3.57371 -0.624588 2.3008
v 3.14019 -0.287295 2.75932
v 3.07933 -0.243145 2.76119
v 3.61016 -0.584047 2.30079
v 3.37959 -0.185398 2.39089
v 3.64583 -0.580029 2.74061
v 3.71119 -0.114619 2.39087
v 3.72015 -0.028515 2.75925
v 3.69462 -0.590352 2.74062
v 3.69837 -0.583968 2.30079
v 4.07887 -0.18781 2.75929
v 4.12912 -0.131885 2.76116
v 3.73489 -0.624445 2.3008
v 4.15537 -0.436651 2.39097
v 4.27549 -0.527508 2.75939
v 3.73326 -0.643418 2.74063
v 3.72803 -0.62738 2.74063
v 4.09792 -0.337385 2.39094
v 4.02108 -0.252231 2.39091
v 4.00891 -0.044732 2.76113
v 3.87321 0.015529 2.76111
v 3.68152 -0.576483 2.30079
v 3.66348 -0.572666 2.30079
v 3.58739 -0.028632 2.75925
v 3.45755 -0.056346 2.75925
v 3.62933 -0.58355 2.74061
v 3.61392 -0.590425 2.74062
v 3.28686 -0.252884 2.39091
v 3.21017 -0.338174 2.39094
v 3.00518 -0.371785 2.76123
v 2.95939 -0.513027 2.76127
v 3.56802 -0.64213 2.30081
v 3.5661 -0.660472 2.30081
v 3.0331 -0.79269 2.75947
v 3.07419 -0.918935 2.75951
v 3.58062 -0.693154 2.74065
v 3.58906 -0.70776 2.74065
v 3.28734 -1.06834 2.39115
v 3.38016 -1.13571 2.39117
v 3.43506 -1.33597 2.76151
v 3.5803 -1.36679 2.76152
v 3.64514 -0.748167 2.30084
v 3.66358 -0.748161 2.30084
v 3.85076 -1.26434 2.75961
v 3.97203 -1.21031 2.7596
v 3.6947 -0.730178 2.74066
v 3.70835 -0.720259 2.74065
v 4.0983 -0.982874 2.39113
v 4.15564 -0.88354 2.3911
v 4.19107 -0.774458 2.39107
v 3.87401 -1.33583 2.76151
v 4.00964 -1.27541 2.7615
v 2.95956 -0.808361 2.76136
v 3.00552 -0.949551 2.7614
v 3.57946 0.046133 2.7611
v 3.43425 0.015139 2.76111
v 4.34901 -0.511792 2.76127
v 3.73504 -0.660289 2.74064
v 3.72794 0.046265 2.7611
v 2.94396 -0.660704 2.76131
v 3.72878 -1.36674 2.76152
v 4.73686 -0.660503 2.01887
v 4.73874 -0.660295 2.71996
v 4.71479 -0.433618 2.71989
v 4.71295 -0.434219 2.01881
v 4.40232 -0.500382 2.81765
v 4.35274 -0.348389 2.81761
v 4.50057 -0.044321 1.93223
v 4.52944 -0.023273 2.01869
v 4.37786 0.144718 2.01864
v 4.35399 0.118129 1.93218
v 4.37912 0.146324 2.71972
v 4.19561 0.279367 2.71968
v 4.19467 0.277531 2.0186
v 4.03612 0.002517 2.8175
v 3.89 0.067402 2.81748
v 3.76281 0.380655 1.9321
v 3.76651 0.4162 2.01856
v 3.54024 0.415999 2.01856
v 3.544 0.380461 1.9321
v 3.54004 0.418076 2.71964
v 3.31838 0.370762 2.71966
v 3.31896 0.368767 2.01857
v 3.41737 0.066982 2.81749
v 3.27137 0.001837 2.8175
v 2.95329 0.116884 1.93218
v 2.92937 0.143431 2.01864
v 2.7781 -0.02483 2.01869
v 2.807 -0.045827 1.93223
v 2.77657 -0.023518 2.71977
v 2.66338 -0.219891 2.71983
v 2.6651 -0.220862 2.01874
v 2.95537 -0.349631 2.81761
v 2.90607 -0.501711 2.81765
v 2.60751 -0.661149 1.93241
v 2.5718 -0.661145 2.01887
v 2.59558 -0.886159 2.01894
v 2.63051 -0.87874 1.93248
v 2.59374 -0.886343 2.72003
v 2.6639 -1.10187 2.72009
v 2.66562 -1.10132 2.01901
v 2.95574 -0.97173 2.81779
v 3.03574 -1.11014 2.81783
v 2.95421 -1.43877 1.93264
v 2.93033 -1.46529 2.01911
v 3.11344 -1.59822 2.01915
v 3.13128 -1.56731 1.93268
v 3.1125 -1.59964 2.72024
v 3.3196 -1.69175 2.72027
v 3.32018 -1.69017 2.01918
v 3.41823 -1.38779 2.81792
v 3.57462 -1.42098 2.81792
v 3.76404 -1.70158 1.93272
v 3.76779 -1.73707 2.01919
v 3.9891 -1.68997 2.01918
v 3.97805 -1.65603 1.93271
v 3.98968 -1.69155 2.72027
v 4.19672 -1.59931 2.72024
v 4.19578 -1.5979 2.01915
v 4.0369 -1.3226 2.8179
v 4.16623 -1.2286 2.81787
v 4.5013 -1.27573 1.9326
v 4.53019 -1.29669 2.01906
v 4.64331 -1.10073 2.01901
v 4.61068 -1.08623 1.93254
v 4.64502 -1.10129 2.72009
v 4.71505 -0.885715 2.72003
v 4.71322 -0.885532 2.01894
v 4.4025 -0.819264 2.81775
v 4.41921 -0.660266 2.8177
v 4.35311 -0.971316 2.81779
v 4.53171 -1.29759 2.72015
v 4.35492 -1.43836 1.93264
v 4.37881 -1.46486 2.01911
v 3.89087 -1.38765 2.81792
v 3.76798 -1.73873 2.72028
v 3.54524 -1.70165 1.93272
v 3.54152 -1.73714 2.01919
v 3.27215 -1.32282 2.8179
v 2.92907 -1.46649 2.7202
v 2.80773 -1.27623 1.9326
v 2.77885 -1.29721 2.01906
v 2.90625 -0.819707 2.81775
v 2.56992 -0.660938 2.71996
v 2.63025 -0.44353 1.93235
v 2.59532 -0.436101 2.01881
v 3.03521 -0.211121 2.81757
v 2.92811 0.145034 2.71972
v 3.13021 0.245629 1.93214
v 3.11233 0.276568 2.0186
v 3.57372 0.100354 2.81748
v 3.7667 0.418277 2.71964
v 3.97687 0.335362 1.93212
v 3.98788 0.369362 2.01857
v 4.16555 -0.091324 2.81753
v 4.53096 -0.021959 2.71977
v 4.61018 -0.233691 1.93229
v 4.64279 -0.219105 2.01874
v 4.69175 -0.660266 2.8177
v 4.66884 -0.443411 2.81764
v 4.6016 -0.237261 2.81757
v 3.65433 -0.660527 1.93617
v 4.34771 0.1114 2.81747
v 4.17215 0.238679 2.81743
v 3.97398 0.326683 2.81741
v 3.545 0.371377 2.81739
v 3.33293 0.326113 2.81741
v 3.13491 0.237757 2.81743
v 2.81461 -0.051083 2.81752
v 2.70632 -0.238946 2.81757
v 2.63945 -0.445216 2.81764
v 2.6397 -0.876519 2.81776
v 2.70682 -1.08271 2.81783
v 2.81533 -1.27044 2.81788
v 3.13598 -1.5589 2.81797
v 3.3341 -1.64703 2.81799
v 3.54622 -1.69204 2.81801
v 3.97515 -1.64684 2.81799
v 4.17322 -1.5586 2.81797
v 4.34863 -1.43111 2.81793
v 4.6021 -1.08215 2.81783
v 4.66909 -0.875918 2.81776
v 4.4937 -1.26995 2.81788
v 3.76306 -1.69197 2.81801
v 2.9605 -1.43152 2.81793
v 2.61691 -0.660881 2.8177
v 2.95958 0.110166 2.81747
v 3.76184 0.371569 2.81739
v 4.49297 -0.04959 2.81752
v 4.70115 -0.660528 1.93241
v 4.67802 -0.441709 1.93235
v 4.6445 -0.21813 2.71983
v 4.27265 -0.210021 2.81757
v 4.17685 0.24656 1.93214
v 3.98846 0.371358 2.71966
v 3.73359 0.100496 2.81748
v 3.33002 0.334787 1.93212
v 3.11139 0.278403 2.71968
v 3.1421 -0.092233 2.81753
v 2.69773 -0.235392 1.93229
v 2.59348 -0.435504 2.71989
v 2.88945 -0.660719 2.8177
v 2.69824 -1.0868 1.93254
v 2.77733 -1.29811 2.72015
v 3.14278 -1.2289 2.81787
v 3.3312 -1.65623 1.93271
v 3.54132 -1.7388 2.72028
v 3.73449 -1.42093 2.81792
v 4.17792 -1.567 1.93268
v 4.38007 -1.46605 2.7202
v 4.27319 -1.10978 2.81783
v 4.67828 -0.878134 1.93248
v 3.73504 -0.661913 -2.74025
v 3.73326 -0.645042 -2.74025
v 3.65433 -0.661922 -2.7722
v 3.73489 -0.625808 -2.30043
v 4.15537 -0.438068 -2.39071
v 4.09792 -0.338802 -2.39074
v 3.72566 -0.609848 -2.30044
v 4.07887 -0.189445 -2.75918
v 4.12912 -0.133521 -2.76108
v 4.00891 -0.046369 -2.7611
v 3.97138 -0.111516 -2.7592
v 3.69462 -0.591976 -2.74027
v 3.69837 -0.585331 -2.30044
v 3.68152 -0.577847 -2.30045
v 3.6792 -0.58513 -2.74027
v 3.71119 -0.116036 -2.3908
v 3.72015 -0.03015 -2.75923
v 3.58739 -0.030267 -2.75923
v 3.5965 -0.116138 -2.3908
v 3.64583 -0.581653 -2.74027
v 3.62933 -0.585174 -2.74027
v 3.61016 -0.58541 -2.30044
v 3.37959 -0.186815 -2.39078
v 3.28685 -0.254301 -2.39076
v 3.59525 -0.596261 -2.30044
v 3.14019 -0.28893 -2.75915
v 3.07933 -0.244782 -2.76104
v 3.00518 -0.373421 -2.76101
v 3.07388 -0.403954 -2.75912
v 3.58058 -0.629135 -2.74026
v 3.57371 -0.625951 -2.30043
v 3.56802 -0.643493 -2.30043
v 3.57538 -0.645183 -2.74025
v 3.1056 -0.662134 -2.39064
v 3.01914 -0.662295 -2.75904
v 3.0331 -0.794325 -2.759
v 3.11766 -0.776193 -2.39061
v 3.5754 -0.678737 -2.74024
v 3.58062 -0.694778 -2.74024
v 3.58298 -0.713675 -2.30041
v 3.21056 -0.984554 -2.39055
v 3.28734 -1.06975 -2.39052
v 3.59532 -0.727375 -2.3004
v 3.33696 -1.21213 -2.75888
v 3.29939 -1.27726 -2.76074
v 3.43506 -1.3376 -2.76072
v 3.45826 -1.26609 -2.75886
v 3.62942 -0.738681 -2.74022
v 3.6271 -0.745702 -2.3004
v 3.64514 -0.74953 -2.3004
v 3.64592 -0.742183 -2.74022
v 3.71184 -1.20752 -2.39048
v 3.7209 -1.29361 -2.75885
v 3.85076 -1.26597 -2.75886
v 3.82402 -1.18364 -2.39049
v 3.67929 -0.738666 -2.74022
v 3.6947 -0.731802 -2.74023
v 3.71338 -0.727339 -2.3004
v 4.02157 -1.06954 -2.39052
v 4.0983 -0.98429 -2.39055
v 3.72572 -0.713633 -2.30041
v 4.23463 -0.920227 -2.75897
v 4.30331 -0.950803 -2.76083
v 4.34919 -0.809586 -2.76088
v 4.27564 -0.793957 -2.759
v 3.74063 -0.680123 -2.30042
v 4.19107 -0.775875 -2.39061
v 4.20306 -0.661809 -2.39064
v 3.74256 -0.661783 -2.30042
v 3.72807 -0.694734 -2.74024
v 3.73494 -0.697662 -2.30041
v 3.73328 -0.67869 -2.74024
v 4.16825 -1.03521 -2.75893
v 4.22908 -1.0794 -2.7608
v 3.69846 -0.738181 -2.3004
v 3.92879 -1.13697 -2.3905
v 3.66279 -0.742178 -2.74022
v 3.59715 -1.20755 -2.39048
v 3.58814 -1.29365 -2.75885
v 3.61401 -0.731825 -2.74022
v 3.61025 -0.738208 -2.3004
v 3.22951 -1.13414 -2.7589
v 3.17923 -1.19003 -2.76076
v 3.57375 -0.697709 -2.30041
v 3.15316 -0.885254 -2.39057
v 3.57362 -0.661961 -2.74025
v 3.11753 -0.548062 -2.39068
v 3.03294 -0.530249 -2.75908
v 3.589 -0.614519 -2.74026
v 3.58292 -0.609975 -2.30044
v 3.22895 -0.190201 -2.75918
v 3.17861 -0.134366 -2.76108
v 3.627 -0.577896 -2.30045
v 3.48433 -0.140079 -2.3908
v 3.66269 -0.581638 -2.74027
v 3.8234 -0.139778 -2.3908
v 3.85004 -0.057632 -2.75922
v 3.70828 -0.601879 -2.74026
v 3.7133 -0.596156 -2.30044
v 4.16781 -0.288016 -2.75915
v 4.22859 -0.24376 -2.76104
v 3.74061 -0.64334 -2.30043
v 4.19094 -0.547107 -2.39068
v 4.28952 -0.661918 -2.75904
v 4.27549 -0.529143 -2.75908
v 3.72803 -0.629004 -2.74026
v 4.02108 -0.253648 -2.39076
v 3.87321 0.013893 -2.76112
v 3.66348 -0.574029 -2.30045
v 3.45755 -0.057981 -2.75922
v 3.61392 -0.592049 -2.74027
v 3.21017 -0.339591 -2.39074
v 2.95939 -0.514664 -2.76096
v 3.5661 -0.661835 -2.30042
v 3.07419 -0.920571 -2.75897
v 3.58906 -0.709384 -2.74023
v 3.38016 -1.13713 -2.3905
v 3.5803 -1.36842 -2.76071
v 3.66358 -0.749525 -2.3004
v 3.97203 -1.21194 -2.75888
v 3.70835 -0.721883 -2.74023
v 4.15564 -0.884957 -2.39057
v 4.3647 -0.661919 -2.76092
v 3.71963 -0.709345 -2.74023
v 4.07943 -1.13389 -2.7589
v 4.12975 -1.18975 -2.76076
v 3.68162 -0.745686 -2.3004
v 3.48495 -1.18374 -2.39049
v 3.60035 -0.721915 -2.74023
v 3.14063 -1.03552 -2.75893
v 3.07983 -1.07974 -2.7608
v 3.56804 -0.680174 -2.30042
v 3.15289 -0.438959 -2.39071
v 3.60028 -0.601975 -2.74026
v 3.3363 -0.11208 -2.7592
v 3.29866 -0.046999 -2.7611
v 3.64503 -0.574046 -2.30045
v 3.92823 -0.186327 -2.39078
v 3.71958 -0.614403 -2.74026
v 4.23432 -0.402922 -2.75912
v 4.30297 -0.372267 -2.76101
v 3.72794 0.044629 -2.76113
v 2.94396 -0.66234 -2.76092
v 3.72878 -1.36838 -2.76071
v 4.00964 -1.27705 -2.76074
v 3.00552 -0.951187 -2.76083
v 3.43426 0.013503 -2.76112
v 4.34901 -0.513429 -2.76097
v 3.57946 0.044496 -2.76113
v 2.95956 -0.809998 -2.76088
v 3.87401 -1.33747 -2.76072
v 4.73874 -0.661907 -2.71957
v 4.73686 -0.661699 -2.01848
v 4.71295 -0.435415 -2.01855
v 4.71479 -0.43523 -2.71964
v 4.40232 -0.502051 -2.81736
v 4.35274 -0.350058 -2.8174
v 4.52944 -0.024469 -2.01867
v 4.50057 -0.045466 -1.9322
v 4.35399 0.116984 -1.93225
v 4.37786 0.143522 -2.01872
v 4.37912 0.144712 -2.71981
v 4.19467 0.276334 -2.01876
v 4.19561 0.277755 -2.71985
v 4.03612 0.000847 -2.8175
v 3.89 0.065732 -2.81752
v 3.76651 0.415004 -2.0188
v 3.76281 0.37951 -1.93233
v 3.544 0.379315 -1.93233
v 3.54024 0.414803 -2.0188
v 3.54004 0.416464 -2.71989
v 3.31896 0.367571 -2.01879
v 3.31838 0.36915 -2.71988
v 3.41737 0.065312 -2.81752
v 3.27137 0.000167 -2.8175
v 2.92937 0.142234 -2.01872
v 2.95329 0.115739 -1.93225
v 2.807 -0.046972 -1.9322
v 2.77809 -0.026027 -2.01867
v 2.77657 -0.02513 -2.71976
v 2.6651 -0.222058 -2.01861
v 2.66338 -0.221503 -2.7197
v 2.95537 -0.351301 -2.8174
v 2.90607 -0.503381 -2.81735
v 2.5718 -0.662341 -2.01848
v 2.60751 -0.662294 -1.93202
v 2.63051 -0.879885 -1.93196
v 2.59558 -0.887355 -2.01842
v 2.59374 -0.887955 -2.7195
v 2.66562 -1.10251 -2.01835
v 2.6639 -1.10348 -2.71944
v 2.95574 -0.9734 -2.81722
v 3.03574 -1.11181 -2.81717
v 2.93033 -1.46649 -2.01824
v 2.95421 -1.43991 -1.93179
v 3.13128 -1.56845 -1.93175
v 3.11344 -1.59941 -2.0182
v 3.1125 -1.60125 -2.71929
v 3.32018 -1.69137 -2.01818
v 3.3196 -1.69336 -2.71926
v 3.41823 -1.38946 -2.81709
v 3.57462 -1.42265 -2.81708
v 3.76779 -1.73827 -2.01816
v 3.76404 -1.70273 -1.93171
v 3.97805 -1.65718 -1.93173
v 3.9891 -1.69117 -2.01818
v 3.98968 -1.69316 -2.71926
v 4.19578 -1.59909 -2.0182
v 4.19672 -1.60093 -2.71929
v 4.0369 -1.32427 -2.81711
v 4.16623 -1.23027 -2.81714
v 4.53019 -1.29789 -2.0183
v 4.5013 -1.27688 -1.93184
v 4.61068 -1.08738 -1.9319
v 4.64331 -1.10193 -2.01835
v 4.64502 -1.1029 -2.71944
v 4.71322 -0.886728 -2.01842
v 4.71505 -0.887327 -2.7195
v 4.4025 -0.820934 -2.81726
v 4.41921 -0.661936 -2.81731
v 4.35311 -0.972985 -2.81722
v 4.53171 -1.2992 -2.71938
v 4.37881 -1.46606 -2.01824
v 4.35491 -1.4395 -1.93179
v 3.89087 -1.38932 -2.81709
v 3.76798 -1.74035 -2.71925
v 3.54152 -1.73834 -2.01816
v 3.54524 -1.70279 -1.93171
v 3.27215 -1.32449 -2.81711
v 2.92907 -1.4681 -2.71933
v 2.77885 -1.29841 -2.01829
v 2.80773 -1.27738 -1.93184
v 2.90625 -0.821377 -2.81726
v 2.56992 -0.66255 -2.71957
v 2.59531 -0.437298 -2.01855
v 2.63025 -0.444675 -1.93209
v 3.03521 -0.212791 -2.81744
v 2.92811 0.143422 -2.71981
v 3.11233 0.275372 -2.01876
v 3.13021 0.244484 -1.93229
v 3.57372 0.098684 -2.81753
v 3.7667 0.416665 -2.71989
v 3.98788 0.368166 -2.01879
v 3.97687 0.334217 -1.93232
v 4.16555 -0.092993 -2.81748
v 4.53096 -0.023571 -2.71976
v 4.64279 -0.220301 -2.01861
v 4.61018 -0.234837 -1.93215
v 4.69175 -0.661936 -2.81731
v 4.66884 -0.445081 -2.81737
v 4.60159 -0.23893 -2.81743
v 3.65433 -0.661674 -1.93578
v 4.34771 0.109731 -2.81754
v 4.17215 0.237009 -2.81757
v 3.97398 0.325013 -2.8176
v 3.545 0.369707 -2.81761
v 3.33293 0.324444 -2.8176
v 3.13491 0.236087 -2.81757
v 2.81461 -0.052752 -2.81749
v 2.70632 -0.240615 -2.81743
v 2.63945 -0.446885 -2.81737
v 2.6397 -0.878189 -2.81724
v 2.70682 -1.08438 -2.81718
v 2.81533 -1.27211 -2.81713
v 3.13598 -1.56057 -2.81704
v 3.3341 -1.6487 -2.81702
v 3.54622 -1.69371 -2.817
v 3.97515 -1.64851 -2.81702
v 4.17322 -1.56027 -2.81704
v 4.34863 -1.43278 -2.81708
v 4.6021 -1.08382 -2.81718
v 4.66909 -0.877588 -2.81724
v 4.4937 -1.27162 -2.81713
v 3.76306 -1.69364 -2.817
v 2.9605 -1.43319 -2.81708
v 2.61691 -0.66255 -2.81731
v 2.95958 0.108497 -2.81754
v 3.76184 0.3699 -2.81761
v 4.49297 -0.05126 -2.81749
v 4.70115 -0.661673 -1.93202
v 4.67802 -0.442854 -1.93209
v 4.6445 -0.219742 -2.7197
v 4.27265 -0.21169 -2.81744
v 4.17685 0.245415 -1.93229
v 3.98846 0.369746 -2.71988
v 3.73359 0.098826 -2.81753
v 3.33002 0.333642 -1.93232
v 3.11139 0.276791 -2.71985
v 3.1421 -0.093903 -2.81748
v 2.69773 -0.236537 -1.93215
v 2.59348 -0.437115 -2.71964
v 2.88945 -0.662389 -2.81731
v 2.69824 -1.08794 -1.9319
v 2.77733 -1.29972 -2.71938
v 3.14278 -1.23057 -2.81714
v 3.3312 -1.65737 -1.93173
v 3.54132 -1.74041 -2.71925
v 3.73449 -1.4226 -2.81708
v 4.17792 -1.56814 -1.93175
v 4.38007 -1.46767 -2.71933
v 4.27319 -1.11145 -2.81717
v 4.67828 -0.879279 -1.93196
v -4.68462 -0.661913 -2.74025
v -4.6864 -0.645042 -2.74025
v -4.76533 -0.661922 -2.7722
v -4.68476 -0.625808 -2.30043
v -4.26429 -0.438068 -2.39071
v -4.32174 -0.338802 -2.39074
v -4.694 -0.609848 -2.30044
v -4.34079 -0.189445 -2.75918
v -4.29054 -0.133521 -2.76108
v -4.41075 -0.046369 -2.7611
v -4.44828 -0.111516 -2.7592
v -4.72504 -0.591976 -2.74027
v -4.72129 -0.585331 -2.30044
v -4.73814 -0.577847 -2.30045
v -4.74046 -0.58513 -2.74027
v -4.70846 -0.116036 -2.3908
v -4.6995 -0.03015 -2.75923
v -4.83227 -0.030267 -2.75923
v -4.82316 -0.116138 -2.3908
v -4.77383 -0.581653 -2.74027
v -4.79033 -0.585174 -2.74027
v -4.8095 -0.58541 -2.30044
v -5.04006 -0.186815 -2.39078
v -5.1328 -0.254301 -2.39076
v -4.82441 -0.596261 -2.30044
v -5.27947 -0.28893 -2.75915
v -5.34033 -0.244782 -2.76104
v -5.41448 -0.373421 -2.76101
v -5.34577 -0.403954 -2.75912
v -4.83908 -0.629135 -2.74026
v -4.84595 -0.625951 -2.30043
v -4.85164 -0.643493 -2.30043
v -4.84428 -0.645183 -2.74025
v -5.31405 -0.662134 -2.39064
v -5.40051 -0.662295 -2.75904
v -5.38656 -0.794325 -2.759
v -5.302 -0.776193 -2.39061
v -4.84426 -0.678737 -2.74024
v -4.83904 -0.694778 -2.74024
v -4.83668 -0.713675 -2.30041
v -5.2091 -0.984554 -2.39055
v -5.13232 -1.06975 -2.39052
v -4.82433 -0.727375 -2.3004
v -5.0827 -1.21213 -2.75888
v -5.12027 -1.27726 -2.76074
v -4.9846 -1.3376 -2.76072
v -4.96139 -1.26609 -2.75886
v -4.79024 -0.738681 -2.74022
v -4.79256 -0.745702 -2.3004
v -4.77452 -0.74953 -2.3004
v -4.77374 -0.742183 -2.74022
v -4.70782 -1.20752 -2.39048
v -4.69875 -1.29361 -2.75885
v -4.5689 -1.26597 -2.75886
v -4.59564 -1.18364 -2.39049
v -4.74037 -0.738666 -2.74022
v -4.72496 -0.731802 -2.74023
v -4.70628 -0.727339 -2.3004
v -4.39809 -1.06954 -2.39052
v -4.32136 -0.98429 -2.39055
v -4.69394 -0.713633 -2.30041
v -4.18503 -0.920227 -2.75897
v -4.11634 -0.950803 -2.76083
v -4.07047 -0.809586 -2.76088
v -4.14401 -0.793957 -2.759
v -4.68638 -0.67869 -2.74024
v -4.67903 -0.680123 -2.30042
v -4.6771 -0.661783 -2.30042
v -4.14417 -0.527508 2.75939
v -4.22872 -0.545691 2.391
v -4.26429 -0.436651 2.39097
v -4.18534 -0.401287 2.75936
v -4.69163 -0.62738 2.74063
v -4.76533 -0.660279 2.77259
v -4.70008 -0.612779 2.74062
v -4.39857 -0.252231 2.39091
v -4.70636 -0.594792 2.30079
v -4.72129 -0.583968 2.30079
v -4.49143 -0.18491 2.39089
v -4.54645 0.015529 2.76111
v -4.56961 -0.055997 2.75925
v -4.6995 -0.028515 2.75925
v -4.69171 0.046265 2.7611
v -4.75618 -0.572666 2.30079
v -4.75696 -0.580014 2.74061
v -4.77383 -0.580029 2.74061
v -4.77462 -0.572683 2.30079
v -4.96211 -0.056346 2.75925
v -4.93533 -0.138663 2.39088
v -5.04006 -0.185398 2.39089
v -5.08335 -0.110445 2.75927
v -4.80574 -0.590425 2.74062
v -4.81938 -0.600351 2.74062
v -5.20949 -0.338174 2.39094
v -4.83674 -0.608611 2.3008
v -4.84595 -0.624588 2.3008
v -5.26676 -0.437542 2.39097
v -5.46027 -0.513027 2.76127
v -5.38672 -0.528613 2.75939
v -5.40051 -0.66066 2.75943
v -5.4757 -0.660704 2.76131
v -4.85355 -0.660472 2.30081
v -4.84604 -0.660337 2.74064
v -4.84426 -0.677113 2.74064
v -4.85161 -0.678811 2.30082
v -5.34547 -0.918935 2.75951
v -5.2665 -0.883837 2.3911
v -5.2091 -0.983137 2.39113
v -5.27903 -1.03388 2.75954
v -4.8306 -0.70776 2.74065
v -4.8193 -0.720291 2.74065
v -5.0395 -1.13571 2.39117
v -4.80941 -0.736844 2.30084
v -4.79256 -0.744338 2.30084
v -4.93471 -1.18232 2.39119
v -4.83936 -1.36679 2.76152
v -4.83152 -1.29201 2.75962
v -4.69876 -1.29197 2.75962
v -4.69088 -1.36674 2.76152
v -4.75608 -0.748161 2.30084
v -4.75687 -0.740554 2.74066
v -4.74037 -0.737042 2.74066
v -4.73804 -0.744322 2.30084
v -4.44762 -1.21031 2.7596
v -4.49087 -1.13555 2.39117
v -4.39809 -1.06812 2.39115
v -4.34023 -1.13225 2.75957
v -4.71131 -0.720259 2.74065
v -4.70003 -0.707721 2.74065
v -4.26402 -0.88354 2.3911
v -4.68472 -0.696299 2.30082
v -4.67903 -0.678759 2.30082
v -4.22858 -0.774458 2.39107
v -4.68638 -0.677066 2.74064
v -4.68462 -0.660289 2.74064
v -4.18503 -0.918591 2.75951
v -4.14401 -0.792322 2.75947
v -4.70628 -0.725976 2.30083
v -4.69394 -0.71227 2.30083
v -4.41002 -1.27541 2.7615
v -4.28991 -1.18812 2.76147
v -4.70782 -1.2061 2.3912
v -4.59564 -1.18222 2.39119
v -4.79024 -0.737057 2.74066
v -4.77374 -0.740559 2.74066
v -5.0827 -1.2105 2.7596
v -4.96139 -1.26445 2.75961
v -4.83668 -0.712312 2.30083
v -4.82433 -0.726011 2.30083
v -5.41413 -0.949551 2.7614
v -5.33983 -1.0781 2.76144
v -5.31405 -0.660718 2.39103
v -5.302 -0.774776 2.39107
v -4.83908 -0.627511 2.74063
v -4.84428 -0.643559 2.74063
v -5.27947 -0.287295 2.75932
v -5.34577 -0.402319 2.75936
v -4.8095 -0.584047 2.30079
v -4.82441 -0.594898 2.30079
v -4.9854 0.015139 2.76111
v -5.121 -0.045363 2.76113
v -4.70846 -0.114619 2.39087
v -4.82316 -0.114721 2.39087
v -4.72504 -0.590352 2.74062
v -4.74046 -0.583506 2.74061
v -4.34079 -0.18781 2.75929
v -4.44828 -0.10988 2.75927
v -4.68476 -0.624445 2.3008
v -4.694 -0.608484 2.3008
v -4.07065 -0.511792 2.76127
v -4.11669 -0.370631 2.76123
v -4.22858 -0.775875 -2.39061
v -4.2166 -0.661809 -2.39064
v -4.70003 -0.709345 -2.74023
v -4.69159 -0.694734 -2.74024
v -4.34023 -1.13389 -2.7589
v -4.2514 -1.03521 -2.75893
v -4.73804 -0.745686 -2.3004
v -4.7212 -0.738181 -2.3004
v -4.69088 -1.36838 -2.76071
v -4.54565 -1.33747 -2.76072
v -4.93471 -1.18374 -2.39049
v -4.82251 -1.20755 -2.39048
v -4.8193 -0.721915 -2.74023
v -4.80565 -0.731825 -2.74022
v -5.27903 -1.03552 -2.75893
v -5.19015 -1.13414 -2.7589
v -4.85161 -0.680174 -2.30042
v -4.84591 -0.697709 -2.30041
v -5.4757 -0.66234 -2.76092
v -5.46009 -0.809998 -2.76088
v -5.26676 -0.438959 -2.39071
v -5.30213 -0.548062 -2.39068
v -4.81938 -0.601975 -2.74026
v -4.83065 -0.614519 -2.74026
v -5.08335 -0.11208 -2.7592
v -5.1907 -0.190201 -2.75918
v -4.77462 -0.574046 -2.30045
v -4.79266 -0.577896 -2.30045
v -4.69171 0.044629 -2.76113
v -4.84019 0.044496 -2.76113
v -4.49143 -0.186327 -2.39078
v -4.59625 -0.139778 -2.3908
v -4.70008 -0.614403 -2.74026
v -4.71138 -0.601879 -2.74026
v -4.18534 -0.402922 -2.75912
v -4.25185 -0.288016 -2.75915
v -4.67905 -0.64334 -2.30043
v -4.14417 -0.529143 -2.75908
v -4.07065 -0.513429 -2.76097
v -4.11669 -0.372267 -2.76101
v -4.69163 -0.629004 -2.74026
v -4.39857 -0.253648 -2.39076
v -4.75618 -0.574029 -2.30045
v -4.96211 -0.057981 -2.75922
v -4.9854 0.013503 -2.76112
v -5.121 -0.046999 -2.7611
v -4.80574 -0.592049 -2.74027
v -5.20949 -0.339591 -2.39074
v -4.85355 -0.661835 -2.30042
v -5.34547 -0.920571 -2.75897
v -5.41413 -0.951187 -2.76083
v -5.33983 -1.07974 -2.7608
v -4.8306 -0.709384 -2.74023
v -5.0395 -1.13713 -2.3905
v -4.75608 -0.749525 -2.3004
v -4.44762 -1.21194 -2.75888
v -4.41002 -1.27705 -2.76074
v -4.28991 -1.18975 -2.76076
v -4.71131 -0.721883 -2.74023
v -4.26402 -0.884957 -2.39057
v -4.67905 -0.641977 2.30081
v -4.19107 -0.242124 2.76119
v -4.25185 -0.286381 2.75932
v -4.29054 -0.131885 2.76116
v -4.71138 -0.600255 2.74062
v -4.59625 -0.138361 2.39088
v -4.79266 -0.576532 2.30079
v -5.24105 -0.13273 2.76116
v -5.1907 -0.188566 2.75929
v -5.34033 -0.243145 2.76119
v -4.83066 -0.612895 2.74062
v -5.30213 -0.546645 2.391
v -4.84591 -0.696346 2.30082
v -5.24043 -1.1884 2.76147
v -5.19015 -1.13251 2.75957
v -5.12027 -1.27562 2.7615
v -4.80565 -0.730201 2.74066
v -4.82251 -1.20613 2.3912
v -4.7212 -0.736818 2.30084
v -4.19057 -1.07776 2.76144
v -4.2514 -1.03358 2.75954
v -4.11634 -0.949166 2.7614
v -4.69159 -0.69311 2.74065
v -4.6771 -0.660419 2.30081
v -4.2166 -0.660392 2.39103
v -4.07047 -0.80795 2.76136
v -4.32136 -0.982874 2.39113
v -4.72496 -0.730178 2.74066
v -4.5689 -1.26434 2.75961
v -4.77452 -0.748167 2.30084
v -4.9846 -1.33597 2.76151
v -5.13232 -1.06834 2.39115
v -4.83904 -0.693154 2.74065
v -5.38656 -0.79269 2.75947
v -4.85164 -0.64213 2.30081
v -5.41448 -0.371785 2.76123
v -5.1328 -0.252884 2.39091
v -4.79033 -0.58355 2.74061
v -4.83227 -0.028632 2.75925
v -4.73814 -0.576483 2.30079
v -4.41075 -0.044732 2.76113
v -4.32174 -0.337385 2.39094
v -4.6864 -0.643418 2.74063
v -4.13014 -0.661918 -2.75904
v -4.68472 -0.697662 -2.30041
v -4.19057 -1.0794 -2.7608
v -4.49087 -1.13697 -2.3905
v -4.75687 -0.742178 -2.74022
v -4.83152 -1.29365 -2.75885
v -4.80941 -0.738208 -2.3004
v -5.24043 -1.19003 -2.76076
v -5.2665 -0.885254 -2.39057
v -4.84604 -0.661961 -2.74025
v -5.38672 -0.530249 -2.75908
v -4.83674 -0.609975 -2.30044
v -5.24105 -0.134366 -2.76108
v -4.93533 -0.140079 -2.3908
v -4.75696 -0.581638 -2.74027
v -4.56961 -0.057632 -2.75922
v -4.70636 -0.596156 -2.30044
v -4.19107 -0.24376 -2.76104
v -4.22872 -0.547107 -2.39068
v -4.54645 0.013893 -2.76112
v -5.46027 -0.514664 -2.76096
v -4.83936 -1.36842 -2.76071
v -4.05495 -0.660283 2.76131
v -4.13014 -0.660283 2.75943
v -4.84019 0.046133 2.7611
v -5.46009 -0.808361 2.76136
v -4.54565 -1.33583 2.76151
v -4.05495 -0.661919 -2.76092
v -3.68092 -0.661907 -2.71957
v -3.6828 -0.661699 -2.01848
v -3.70671 -0.435415 -2.01855
v -3.70487 -0.43523 -2.71964
v -4.01734 -0.502051 -2.81736
v -4.06692 -0.350058 -2.8174
v -3.89022 -0.024469 -2.01867
v -3.91909 -0.045466 -1.9322
v -4.06567 0.116984 -1.93225
v -4.0418 0.143522 -2.01872
v -4.04054 0.144712 -2.71981
v -4.22499 0.276334 -2.01876
v -4.22405 0.277755 -2.71985
v -4.38354 0.000847 -2.8175
v -4.52965 0.065732 -2.81752
v -4.65315 0.415004 -2.0188
v -4.65685 0.37951 -1.93233
v -4.87565 0.379315 -1.93233
v -4.87942 0.414803 -2.0188
v -4.87961 0.416464 -2.71989
v -5.1007 0.367571 -2.01879
v -5.10128 0.36915 -2.71988
v -5.00229 0.065312 -2.81752
v -5.14829 0.000167 -2.8175
v -5.49028 0.142234 -2.01872
v -5.46637 0.115739 -1.93225
v -5.61266 -0.046972 -1.9322
v -5.64156 -0.026027 -2.01867
v -5.64309 -0.02513 -2.71976
v -5.75456 -0.222058 -2.01861
v -5.75628 -0.221503 -2.7197
v -5.46429 -0.351301 -2.8174
v -5.51359 -0.503381 -2.81735
v -5.84786 -0.662341 -2.01848
v -5.81214 -0.662294 -1.93202
v -5.78915 -0.879885 -1.93196
v -5.82408 -0.887355 -2.01842
v -5.82591 -0.887955 -2.7195
v -5.75404 -1.10251 -2.01835
v -5.75576 -1.10348 -2.71944
v -5.46392 -0.9734 -2.81722
v -5.38391 -1.11181 -2.81717
v -5.48933 -1.46649 -2.01824
v -5.46545 -1.43991 -1.93179
v -5.28838 -1.56845 -1.93175
v -5.30622 -1.59941 -2.0182
v -5.30716 -1.60125 -2.71929
v -5.09948 -1.69137 -2.01818
v -5.10006 -1.69336 -2.71926
v -5.00143 -1.38946 -2.81709
v -4.84504 -1.42265 -2.81708
v -4.65187 -1.73827 -2.01816
v -4.65561 -1.70273 -1.93171
v -4.44161 -1.65718 -1.93173
v -4.43056 -1.69117 -2.01818
v -4.42998 -1.69316 -2.71926
v -4.22388 -1.59909 -2.0182
v -4.22294 -1.60093 -2.71929
v -4.38275 -1.32427 -2.81711
v -4.25343 -1.23027 -2.81714
v -3.88946 -1.29789 -2.0183
v -3.91836 -1.27688 -1.93184
v -3.80897 -1.08738 -1.9319
v -3.77635 -1.10193 -2.01835
v -3.77463 -1.1029 -2.71944
v -3.70644 -0.886728 -2.01842
v -3.7046 -0.887327 -2.7195
v -4.01715 -0.820934 -2.81726
v -4.00044 -0.661936 -2.81731
v -3.74163 -0.441709 1.93235
v -3.70671 -0.434219 2.01881
v -3.77687 -0.219105 2.01874
v -3.80948 -0.233691 1.93229
v -3.77516 -0.21813 2.71983
v -3.8887 -0.021959 2.71977
v -3.89022 -0.023273 2.01869
v -4.14701 -0.210021 2.81757
v -4.25411 -0.091324 2.81753
v -4.24281 0.24656 1.93214
v -4.22499 0.277531 2.0186
v -4.43178 0.369362 2.01857
v -4.44278 0.335362 1.93212
v -4.4312 0.371358 2.71966
v -4.65296 0.418277 2.71964
v -4.65315 0.4162 2.01856
v -4.68607 0.100496 2.81748
v -4.84594 0.100354 2.81748
v -5.08964 0.334787 1.93212
v -5.1007 0.368767 2.01857
v -5.30733 0.276568 2.0186
v -5.28945 0.245629 1.93214
v -5.30827 0.278403 2.71968
v -5.49154 0.145034 2.71972
v -5.49028 0.143431 2.01864
v -5.27756 -0.092233 2.81753
v -5.38445 -0.211121 2.81757
v -5.72193 -0.235392 1.93229
v -5.75456 -0.220862 2.01874
v -5.82434 -0.436101 2.01881
v -5.78941 -0.44353 1.93235
v -5.82618 -0.435504 2.71989
v -5.84974 -0.660938 2.71996
v -5.84786 -0.661145 2.01887
v -5.53021 -0.660719 2.8177
v -5.5134 -0.819707 2.81775
v -5.72142 -1.0868 1.93254
v -5.75404 -1.10132 2.01901
v -5.64081 -1.29721 2.01906
v -5.61193 -1.27623 1.9326
v -5.64233 -1.29811 2.72015
v -5.49059 -1.46649 2.7202
v -5.48933 -1.46529 2.01911
v -5.27688 -1.2289 2.81787
v -5.1475 -1.32282 2.8179
v -5.08846 -1.65623 1.93271
v -5.09948 -1.69017 2.01918
v -4.87814 -1.73714 2.01919
v -4.87442 -1.70165 1.93272
v -4.87834 -1.7388 2.72028
v -4.65168 -1.73873 2.72028
v -4.65187 -1.73707 2.01919
v -4.68516 -1.42093 2.81792
v -4.52879 -1.38765 2.81792
v -4.24174 -1.567 1.93268
v -4.22388 -1.5979 2.01915
v -4.04084 -1.46486 2.01911
v -4.06474 -1.43836 1.93264
v -4.03959 -1.46605 2.7202
v -3.88794 -1.29759 2.72015
v -3.88947 -1.29669 2.01906
v -4.14647 -1.10978 2.81783
v -4.06655 -0.971316 2.81779
v -3.74137 -0.878134 1.93248
v -3.70644 -0.885532 2.01894
v -3.6828 -0.660503 2.01887
v -3.71851 -0.660528 1.93241
v -3.7046 -0.885715 2.72003
v -3.68092 -0.660295 2.71996
v -3.80897 -1.08623 1.93254
v -3.77635 -1.10073 2.01901
v -4.25343 -1.2286 2.81787
v -4.22294 -1.59931 2.72024
v -4.44161 -1.65603 1.93271
v -4.43056 -1.68997 2.01918
v -4.84504 -1.42098 2.81792
v -5.10006 -1.69175 2.72027
v -5.28838 -1.56731 1.93268
v -5.30622 -1.59822 2.01915
v -5.38391 -1.11014 2.81783
v -5.75576 -1.10187 2.72009
v -5.78915 -0.87874 1.93248
v -5.82408 -0.886159 2.01894
v -5.51359 -0.501711 2.81765
v -5.75628 -0.219891 2.71983
v -5.61266 -0.045827 1.93223
v -5.64156 -0.02483 2.01869
v -5.14829 0.001837 2.8175
v -5.10128 0.370762 2.71966
v -4.87565 0.380461 1.9321
v -4.87942 0.415999 2.01856
v -4.52965 0.067402 2.81748
v -4.22405 0.279367 2.71968
v -4.06567 0.118129 1.93218
v -4.0418 0.144718 2.01864
v -4.06692 -0.348389 2.81761
v -3.70487 -0.433618 2.71989
v -4.06655 -0.972985 -2.81722
v -3.88794 -1.2992 -2.71938
v -4.04084 -1.46606 -2.01824
v -4.06474 -1.4395 -1.93179
v -4.52879 -1.38932 -2.81709
v -4.65168 -1.74035 -2.71925
v -4.87814 -1.73834 -2.01816
v -4.87442 -1.70279 -1.93171
v -5.1475 -1.32449 -2.81711
v -5.49059 -1.4681 -2.71933
v -5.64081 -1.29841 -2.01829
v -5.61193 -1.27738 -1.93184
v -5.5134 -0.821377 -2.81726
v -5.84974 -0.66255 -2.71957
v -5.82434 -0.437298 -2.01855
v -5.78941 -0.444675 -1.93209
v -5.38445 -0.212791 -2.81744
v -5.49154 0.143422 -2.71981
v -5.30733 0.275372 -2.01876
v -5.28945 0.244484 -1.93229
v -4.84594 0.098684 -2.81753
v -4.65296 0.416665 -2.71989
v -4.43178 0.368166 -2.01879
v -4.44278 0.334217 -1.93232
v -4.25411 -0.092993 -2.81748
v -3.8887 -0.023571 -2.71976
v -3.77687 -0.220301 -2.01861
v -3.80948 -0.234837 -1.93215
v -3.72791 -0.661936 -2.81731
v -3.75082 -0.445081 -2.81737
v -3.81806 -0.23893 -2.81743
v -4.76533 -0.661674 -1.93578
v -4.07195 0.109731 -2.81754
v -4.2475 0.237009 -2.81757
v -4.44568 0.325013 -2.8176
v -4.87466 0.369707 -2.81761
v -5.08673 0.324444 -2.8176
v -5.28475 0.236087 -2.81757
v -5.60505 -0.052752 -2.81749
v -5.71334 -0.240615 -2.81743
v -5.78021 -0.446885 -2.81737
v -5.77996 -0.878189 -2.81724
v -5.71284 -1.08438 -2.81718
v -5.60433 -1.27211 -2.81713
v -5.28368 -1.56057 -2.81704
v -5.08556 -1.6487 -2.81702
v -4.87344 -1.69371 -2.817
v -4.44451 -1.64851 -2.81702
v -4.24644 -1.56027 -2.81704
v -4.07103 -1.43278 -2.81708
v -3.81756 -1.08382 -2.81718
v -3.75057 -0.877588 -2.81724
v -4.76533 -0.660527 1.93617
v -3.81806 -0.237261 2.81757
v -3.92669 -0.04959 2.81752
v -4.07195 0.1114 2.81747
v -4.44568 0.326683 2.81741
v -4.65782 0.371569 2.81739
v -4.87466 0.371377 2.81739
v -5.28475 0.237757 2.81743
v -5.46007 0.110166 2.81747
v -5.60505 -0.051083 2.81752
v -5.78021 -0.445216 2.81764
v -5.80275 -0.660881 2.8177
v -5.77996 -0.876519 2.81776
v -5.60433 -1.27044 2.81788
v -5.45916 -1.43152 2.81793
v -5.28368 -1.5589 2.81797
v -4.87344 -1.69204 2.81801
v -4.6566 -1.69197 2.81801
v -4.44451 -1.64684 2.81799
v -4.07103 -1.43111 2.81793
v -3.92596 -1.26995 2.81788
v -3.81756 -1.08215 2.81783
v -3.75057 -0.875918 2.81776
v -3.72791 -0.660266 2.8177
v -4.24644 -1.5586 2.81797
v -5.08556 -1.64703 2.81799
v -5.71284 -1.08271 2.81783
v -5.71334 -0.238946 2.81757
v -5.08673 0.326113 2.81741
v -4.2475 0.238679 2.81743
v -3.75082 -0.443411 2.81764
v -3.92596 -1.27162 -2.81713
v -4.6566 -1.69364 -2.817
v -5.45916 -1.43319 -2.81708
v -5.80275 -0.66255 -2.81731
v -5.46007 0.108497 -2.81754
v -4.65782 0.3699 -2.81761
v -3.92669 -0.05126 -2.81749
v -3.71851 -0.661673 -1.93202
v -3.74163 -0.442854 -1.93209
v -3.77516 -0.219742 -2.7197
v -4.14701 -0.21169 -2.81744
v -4.24281 0.245415 -1.93229
v -4.4312 0.369746 -2.71988
v -4.68607 0.098826 -2.81753
v -5.08964 0.333642 -1.93232
v -5.30827 0.276791 -2.71985
v -5.27756 -0.093903 -2.81748
v -5.72193 -0.236537 -1.93215
v -5.82618 -0.437115 -2.71964
v -5.53021 -0.662389 -2.81731
v -5.72142 -1.08794 -1.9319
v -5.64233 -1.29972 -2.71938
v -5.27688 -1.23057 -2.81714
v -5.08846 -1.65737 -1.93173
v -4.87834 -1.74041 -2.71925
v -4.68516 -1.4226 -2.81708
v -4.24174 -1.56814 -1.93175
v -4.03959 -1.46767 -2.71933
v -4.14647 -1.11145 -2.81717
v -3.74137 -0.879279 -1.93196
v -4.00044 -0.660266 2.8177
v -4.01734 -0.500382 2.81765
v -3.91909 -0.044321 1.93223
v -4.04054 0.146324 2.71972
v -4.38354 0.002517 2.8175
v -4.65685 0.380655 1.9321
v -4.87961 0.418076 2.71964
v -5.00229 0.066982 2.81749
v -5.46637 0.116884 1.93218
v -5.64309 -0.023518 2.71977
v -5.46429 -0.349631 2.81761
v -5.81214 -0.661149 1.93241
v -5.82591 -0.886343 2.72003
v -5.46392 -0.97173 2.81779
v -5.46545 -1.43877 1.93264
v -5.30716 -1.59964 2.72024
v -5.00143 -1.38779 2.81792
v -4.65562 -1.70158 1.93272
v -4.42998 -1.69155 2.72027
v -4.38275 -1.3226 2.8179
v -3.91836 -1.27573 1.9326
v -3.77463 -1.10129 2.72009
v -4.01715 -0.819264 2.81775
g NoName
f 1 2 3 
f 4 5 6 
f 7 8 9 10 
f 11 12 13 
f 14 15 1 
f 1 3 16 
f 17 18 19 
f 20 2 1 21 
f 14 1 16 
f 22 10 23 
f 10 9 24 25 
f 10 25 26 
f 27 28 13 
f 28 27 8 7 
f 29 10 22 
f 30 12 31 20 
f 32 33 34 
f 35 18 17 
f 20 31 36 2 
f 21 1 37 
f 9 8 5 4 
f 27 38 5 8 
f 9 39 24 
f 2 40 3 
f 41 42 5 
f 4 43 39 
f 30 13 12 
f 1 15 37 
f 11 44 31 12 
f 19 18 33 
f 44 18 36 31 
f 45 21 37 46 
f 44 11 28 7 
f 5 38 47 41 
f 13 28 11 
f 6 43 4 
f 48 23 10 26 
f 34 18 10 29 
f 2 36 49 40 
f 18 34 33 
f 36 18 35 
f 45 30 20 21 
f 36 35 49 
f 18 44 7 10 
f 6 5 42 
f 4 39 9 
f 50 51 52 53 
f 24 39 54 
f 55 56 57 58 
f 59 60 61 62 
f 63 64 65 66 
f 67 68 69 70 
f 71 72 73 
f 74 75 76 77 
f 78 79 80 81 
f 82 83 84 
f 85 86 87 73 
f 88 89 90 
f 91 92 93 
f 94 95 96 
f 97 98 99 100 
f 101 84 102 103 
f 104 105 106 
f 107 108 109 
f 110 50 111 66 
f 112 113 114 
f 115 116 117 
f 80 86 118 
f 89 88 119 
f 120 70 121 
f 72 122 123 
f 124 125 126 127 
f 128 129 130 131 
f 132 133 134 135 
f 34 29 136 137 
f 56 138 139 57 
f 35 140 141 49 
f 142 143 144 
f 33 145 146 19 
f 147 148 149 150 
f 151 152 153 
f 154 155 156 
f 157 158 159 160 
f 161 162 163 
f 164 165 166 
f 3 167 168 
f 169 170 171 172 
f 173 174 175 
f 152 176 177 
f 151 174 152 
f 178 177 176 
f 179 180 181 
f 182 161 183 
f 184 185 186 
f 187 188 189 
f 166 190 191 192 
f 179 192 193 
f 194 166 195 196 
f 197 198 199 
f 200 201 202 203 
f 190 204 205 191 
f 206 207 208 
f 209 210 211 
f 212 213 214 
f 137 215 216 217 
f 218 179 181 219 
f 220 221 222 
f 223 224 188 187 
f 32 217 221 
f 225 226 14 
f 227 150 149 228 
f 229 230 231 
f 201 232 233 
f 234 210 235 236 
f 166 192 237 
f 238 239 218 
f 168 240 241 
f 242 243 204 244 
f 185 245 242 
f 246 156 155 
f 247 170 177 
f 151 100 248 175 
f 249 152 250 251 
f 219 252 253 
f 203 202 254 255 
f 193 156 180 
f 167 144 240 168 
f 165 256 257 
f 258 259 260 
f 261 262 226 
f 263 201 264 
f 265 266 267 268 
f 269 270 149 148 
f 32 271 33 
f 144 143 272 273 
f 17 274 140 35 
f 275 276 277 278 
f 277 43 76 
f 104 279 105 
f 280 281 123 
f 282 255 283 284 
f 285 119 286 287 288 
f 113 289 290 291 
f 292 293 294 295 
f 114 113 291 296 
f 275 297 298 
f 108 299 109 
f 79 86 80 
f 300 301 101 
f 120 302 303 70 
f 304 94 305 306 
f 307 96 95 308 
f 96 309 305 
f 88 90 310 286 
f 118 86 85 
f 84 311 82 
f 312 113 313 
f 314 315 316 
f 317 104 106 318 
f 83 82 285 
f 319 320 321 322 
f 110 60 59 323 
f 58 57 324 
f 325 54 326 
f 327 328 329 
f 39 326 54 
f 57 330 324 
f 61 331 332 62 
f 65 60 110 66 
f 121 69 333 
f 6 42 334 
f 104 317 279 
f 335 336 79 78 
f 95 337 338 308 
f 328 327 105 
f 119 88 286 
f 305 309 339 294 
f 91 309 96 307 
f 305 94 96 
f 97 303 307 98 
f 301 303 101 
f 340 281 280 
f 86 79 336 114 
f 341 106 342 
f 343 39 276 
f 287 296 288 
f 344 345 346 
f 125 347 348 349 
f 119 121 200 
f 123 281 72 
f 51 50 110 323 
f 43 6 76 
f 137 136 215 
f 350 292 295 301 
f 142 167 351 
f 352 353 220 
f 212 354 355 213 
f 64 356 267 319 
f 264 201 357 
f 262 14 226 
f 211 358 359 
f 257 256 360 
f 170 264 171 
f 163 361 183 
f 362 363 364 243 
f 365 253 249 
f 366 176 152 249 
f 367 304 306 365 
f 169 233 368 177 
f 180 156 246 
f 183 244 204 190 
f 160 369 157 
f 198 231 361 258 
f 239 192 179 218 
f 195 166 237 
f 202 201 363 
f 368 233 232 
f 370 230 229 
f 371 372 359 
f 16 225 14 
f 273 373 240 144 
f 32 34 137 217 
f 374 222 373 
f 215 375 221 216 
f 160 225 369 
f 376 377 214 269 
f 359 209 211 
f 230 370 206 
f 255 254 378 283 
f 263 154 205 
f 379 198 197 
f 380 381 382 383 
f 238 218 219 253 
f 168 241 16 
f 157 369 384 
f 182 183 190 360 
f 198 229 231 
f 169 172 233 
f 181 177 178 
f 250 152 174 
f 385 178 176 386 
f 363 362 254 
f 258 361 163 
f 387 170 388 
f 257 166 165 
f 258 260 199 
f 371 389 390 384 
f 387 263 264 
f 320 319 267 266 
f 391 228 149 270 
f 221 353 271 32 
f 167 142 144 
f 19 146 274 17 
f 133 139 138 
f 224 223 275 298 
f 392 136 29 330 
f 329 328 130 129 
f 279 126 105 
f 72 85 73 
f 119 120 121 
f 393 394 315 
f 113 115 117 289 
f 291 345 292 350 
f 281 340 314 85 
f 75 341 342 
f 87 86 114 395 
f 103 396 397 
f 69 121 70 
f 398 304 248 
f 67 70 303 97 
f 399 309 93 
f 89 282 90 
f 314 118 85 
f 83 102 84 
f 112 336 313 
f 127 279 400 
f 334 77 76 6 
f 82 401 285 
f 65 64 319 322 
f 332 128 131 62 
f 324 330 29 402 
f 403 325 134 
f 404 23 48 405 
f 406 24 54 
f 407 133 138 408 
f 297 275 278 
f 409 410 111 411 
f 304 398 94 
f 285 288 396 83 
f 318 341 412 
f 314 316 413 
f 115 113 312 
f 275 132 135 276 
f 286 310 395 287 
f 93 309 91 
f 414 93 92 
f 308 338 307 
f 301 92 303 
f 302 120 415 
f 342 416 417 
f 418 284 109 
f 348 419 393 349 
f 291 420 296 
f 290 346 345 291 
f 125 124 421 347 
f 119 401 120 
f 282 284 418 90 
f 122 422 423 
f 279 127 126 
f 76 75 277 
f 278 277 417 
f 132 139 133 
f 424 377 376 
f 425 351 40 
f 273 272 426 374 
f 189 427 187 
f 410 428 429 63 
f 68 430 333 
f 186 185 431 432 
f 371 359 389 
f 162 259 163 
f 383 382 433 434 
f 373 187 241 240 
f 243 364 205 204 
f 174 151 175 
f 368 67 97 177 
f 175 248 304 
f 430 368 232 
f 180 247 181 
f 283 378 185 107 
f 245 362 243 242 
f 435 227 428 436 
f 205 154 156 191 
f 381 196 437 382 
f 161 163 183 
f 258 199 198 
f 201 200 232 
f 230 431 231 
f 147 150 438 
f 211 210 439 
f 214 213 269 
f 241 187 427 225 
f 139 373 375 
f 375 373 221 
f 427 440 225 
f 216 221 217 
f 369 441 424 
f 370 147 207 
f 206 370 207 
f 172 357 233 
f 442 379 197 443 
f 437 237 192 239 
f 192 191 193 
f 442 236 235 379 
f 245 185 378 
f 369 440 441 
f 181 247 177 
f 219 181 178 252 
f 367 251 173 175 
f 252 444 445 366 
f 366 249 252 
f 179 193 180 
f 369 424 376 
f 194 164 166 
f 163 259 258 
f 384 390 158 157 
f 154 263 387 155 
f 304 367 175 
f 410 409 436 428 
f 145 33 271 
f 374 426 446 222 
f 49 141 425 40 
f 223 139 132 275 
f 43 277 276 
f 131 130 59 62 
f 447 123 52 
f 395 114 296 287 
f 119 200 203 89 
f 112 114 336 
f 350 420 291 
f 288 420 397 
f 50 53 411 111 
f 90 418 448 310 
f 284 283 107 109 
f 350 301 300 
f 101 303 84 
f 100 99 398 248 
f 95 398 337 
f 449 339 309 399 
f 89 203 255 282 
f 420 350 397 
f 134 326 343 135 
f 112 313 113 
f 81 118 413 
f 412 341 75 74 
f 288 397 396 
f 99 98 307 
f 450 447 51 323 
f 29 22 402 
f 403 134 133 407 
f 405 48 26 451 
f 452 25 24 406 
f 408 138 56 55 
f 453 402 22 
f 111 410 63 66 
f 68 333 69 
f 109 299 71 73 
f 400 279 317 
f 80 118 81 
f 344 454 434 433 
f 342 105 327 
f 300 397 350 
f 295 294 339 
f 92 339 449 414 
f 94 398 95 
f 301 295 339 92 
f 302 84 303 
f 101 103 300 
f 448 109 73 87 
f 106 105 342 
f 39 43 276 
f 296 420 288 
f 117 116 344 346 
f 393 419 455 394 
f 121 333 200 
f 122 423 123 
f 423 52 123 
f 342 327 416 
f 215 136 392 
f 375 215 392 330 
f 3 351 167 
f 220 353 221 
f 391 270 355 268 
f 64 63 429 356 
f 68 67 368 430 
f 432 431 230 
f 160 159 261 226 
f 182 456 162 161 
f 173 251 250 174 
f 372 369 376 
f 201 364 363 
f 253 252 249 
f 252 178 385 444 
f 365 249 367 
f 177 97 153 152 
f 169 177 170 
f 371 384 372 
f 107 185 184 
f 227 228 429 428 
f 257 190 166 
f 194 196 381 
f 257 360 190 
f 201 233 357 
f 378 254 362 245 
f 147 438 207 
f 269 213 355 270 
f 16 241 225 
f 225 440 369 
f 373 222 221 
f 273 374 373 
f 139 223 187 373 
f 226 225 160 
f 391 268 267 356 
f 359 372 209 
f 231 431 361 
f 232 200 333 
f 364 201 263 205 
f 439 210 234 457 
f 382 437 239 
f 191 156 193 
f 3 168 16 
f 384 369 372 
f 185 242 244 431 
f 247 180 246 
f 170 247 246 388 
f 153 97 100 151 
f 367 249 251 
f 445 386 176 366 
f 202 363 254 
f 183 361 431 244 
f 264 170 387 
f 360 256 456 182 
f 358 389 359 
f 14 262 15 
f 430 232 333 
f 391 356 429 228 
f 265 268 355 354 
f 222 446 352 220 
f 40 351 3 
f 150 227 435 438 
f 375 330 57 139 
f 277 342 417 
f 75 342 277 
f 61 60 65 322 
f 447 52 51 
f 281 85 72 
f 401 415 120 
f 314 340 393 315 
f 116 458 454 344 
f 293 292 345 
f 343 276 135 
f 310 448 87 395 
f 109 448 418 
f 300 103 397 
f 92 91 303 
f 99 307 338 
f 307 303 91 
f 338 337 398 99 
f 84 302 415 311 
f 39 343 326 
f 313 336 335 
f 118 314 413 
f 106 341 318 
f 285 401 119 
f 321 331 61 322 
f 59 130 450 323 
f 453 22 23 404 
f 326 134 325 
f 451 26 25 452 
f 352 446 146 145 
f 142 351 425 
f 325 406 54 
f 403 407 451 452 
f 272 143 141 140 
f 426 272 140 274 
f 55 58 453 404 
f 325 403 452 406 
f 145 271 353 352 
f 402 453 58 324 
f 408 55 404 405 
f 446 426 274 146 
f 143 142 425 141 
f 407 408 405 451 
f 459 370 460 
f 372 376 461 462 
f 463 460 229 
f 464 372 465 
f 209 372 464 
f 370 229 460 
f 465 372 462 466 
f 467 209 464 468 
f 463 198 467 469 
f 469 467 462 
f 459 469 461 
f 468 462 467 
f 467 198 379 235 
f 235 210 209 467 
f 462 461 469 
f 462 468 466 
f 229 198 463 
f 470 471 472 
f 473 474 475 472 471 
f 476 471 470 
f 477 409 411 478 
f 479 329 129 480 
f 481 123 447 482 
f 483 484 108 
f 409 477 485 436 
f 214 486 487 212 
f 459 472 370 
f 488 489 107 184 
f 184 186 488 
f 148 474 473 269 
f 212 487 490 354 
f 491 492 427 189 
f 489 483 108 107 
f 493 123 494 
f 480 129 128 495 
f 496 52 423 422 
f 497 498 297 278 
f 499 332 331 500 
f 482 447 450 501 
f 122 72 71 
f 502 503 441 440 
f 265 504 505 266 
f 376 471 476 461 
f 186 432 506 
f 461 476 470 459 
f 470 472 459 
f 424 507 508 377 
f 299 122 71 
f 278 417 509 497 
f 510 298 297 498 
f 511 416 327 512 
f 513 53 52 496 
f 495 128 332 499 
f 501 450 130 514 
f 108 484 299 
f 435 515 516 438 
f 354 490 504 265 
f 147 475 474 148 
f 206 432 230 
f 488 186 506 
f 370 472 475 147 
f 377 508 486 214 
f 438 516 208 207 
f 517 518 493 494 
f 494 123 481 
f 512 327 329 479 
f 478 411 53 513 
f 511 509 417 416 
f 519 224 298 510 
f 514 130 328 520 
f 436 485 515 435 
f 441 503 507 424 
f 188 521 491 189 
f 440 427 492 502 
f 206 506 432 
f 269 473 471 376 
f 224 519 521 188 
f 266 505 522 320 
f 484 122 299 
f 520 328 518 517 
f 500 331 321 523 
f 523 321 320 522 
f 524 525 526 
f 527 528 529 530 
f 531 532 533 
f 534 535 536 
f 536 537 534 
f 534 538 539 535 
f 469 540 541 
f 469 459 540 
f 526 532 542 524 
f 543 544 533 
f 532 531 542 
f 528 527 545 
f 530 524 542 
f 459 538 540 
f 541 540 546 
f 547 535 539 
f 541 546 548 547 
f 463 547 460 
f 543 527 530 544 
f 526 545 532 
f 525 493 526 
f 528 545 493 
f 543 533 545 
f 530 525 524 
f 546 540 537 
f 547 539 460 
f 548 546 537 536 
f 469 547 463 
f 539 538 460 
f 531 533 544 
f 529 525 530 
f 527 543 545 
f 530 542 544 
f 459 460 538 
f 541 547 469 
f 547 548 535 
f 535 548 536 
f 538 534 537 540 
f 542 531 544 
f 532 545 533 
f 493 545 526 
f 445 444 386 
f 196 195 237 437 
f 399 93 449 
f 385 386 444 
f 289 117 346 290 
f 449 93 414 
f 396 103 102 83 
f 82 311 415 401 
f 246 155 387 388 
f 171 264 357 172 
f 549 78 81 550 
f 115 312 551 
f 552 74 77 553 
f 305 345 554 306 
f 555 551 556 557 
f 394 455 558 
f 41 47 559 
f 164 560 561 165 
f 260 562 199 
f 158 563 564 159 
f 365 239 238 253 
f 565 566 567 568 
f 442 443 569 570 
f 45 46 571 572 
f 236 442 570 573 
f 380 383 434 574 
f 575 576 577 578 
f 579 15 576 
f 575 578 358 
f 259 580 260 
f 561 580 581 582 583 
f 584 585 421 
f 116 586 574 458 
f 587 588 589 590 
f 553 334 588 
f 127 400 587 
f 591 335 78 549 
f 551 312 313 556 
f 592 555 315 
f 593 412 74 552 
f 345 305 294 293 
f 558 586 594 592 
f 348 347 595 573 
f 165 561 583 256 
f 194 560 164 
f 390 596 563 158 
f 597 598 211 439 
f 562 560 568 567 
f 194 381 565 568 
f 457 234 595 585 
f 457 585 597 
f 197 199 567 566 
f 566 565 574 569 
f 15 579 599 37 
f 389 578 596 390 
f 567 199 562 
f 578 577 564 563 596 
f 347 421 585 595 
f 116 115 594 586 
f 551 555 592 594 
f 590 584 124 127 
f 600 318 412 593 
f 594 115 551 
f 556 313 335 591 
f 413 316 557 
f 587 400 601 
f 589 588 42 
f 584 559 571 585 
f 345 344 433 554 
f 455 569 558 
f 47 571 559 
f 256 583 582 456 
f 598 575 211 
f 261 577 262 
f 576 575 598 579 
f 381 380 565 
f 234 236 573 595 
f 30 45 572 13 
f 197 566 443 
f 382 239 554 433 
f 599 597 585 571 
f 262 576 15 
f 358 578 389 
f 580 562 260 
f 47 38 572 571 
f 315 394 558 592 
f 559 584 590 589 
f 77 334 553 
f 590 127 587 
f 550 81 413 557 
f 552 553 601 600 593 
f 316 315 555 
f 601 317 318 600 
f 589 42 41 559 
f 586 558 569 574 
f 455 419 570 569 
f 124 584 421 
f 456 582 581 162 
f 568 560 194 
f 159 564 577 261 
f 239 365 306 554 
f 560 562 580 561 
f 443 566 569 
f 37 599 571 46 
f 439 457 597 
f 380 574 565 
f 597 599 579 598 
f 577 576 262 
f 211 575 358 
f 162 581 580 259 
f 38 27 13 572 
f 419 348 573 570 
f 454 458 574 434 
f 588 587 601 553 
f 334 42 588 
f 400 317 601 
f 557 316 555 
f 550 557 556 591 549 
f 602 510 603 
f 519 510 602 604 
f 605 487 486 502 
f 522 505 504 606 604 
f 491 607 492 
f 208 506 206 
f 608 495 499 
f 483 478 513 496 422 484 
f 422 122 484 
f 602 603 499 500 
f 485 477 489 488 
f 605 492 607 
f 607 490 605 
f 502 486 503 
f 605 502 492 
f 495 608 509 480 
f 498 603 510 
f 480 509 479 
f 607 491 606 
f 521 519 604 606 
f 607 606 504 490 
f 488 506 208 
f 603 608 499 
f 603 498 497 
f 477 478 483 489 
f 608 603 497 
f 500 523 522 604 602 
f 516 515 485 488 208 
f 605 490 487 
f 508 507 503 486 
f 521 606 491 
f 511 512 479 509 
f 608 497 509 
f 609 610 611 612 
f 613 614 465 466 
f 613 615 616 614 
f 616 615 468 464 
f 617 618 619 620 
f 618 617 610 609 
f 615 613 466 468 
f 610 617 620 611 
f 618 609 612 619 
f 614 616 464 465 
f 126 611 105 
f 529 280 525 
f 105 620 619 621 
f 493 525 123 
f 340 529 528 622 
f 612 622 621 
f 328 105 621 518 
f 123 525 280 
f 340 622 349 393 
f 611 620 105 
f 493 518 528 
f 621 619 612 
f 126 622 612 611 
f 280 529 340 
f 528 621 622 
f 621 528 518 
f 125 349 622 126 
f 517 494 520 
f 482 501 514 520 481 
f 494 481 520 
f 623 624 625 626 
f 627 628 629 630 
f 631 632 633 634 
f 635 636 637 638 
f 639 640 641 
f 642 643 644 645 
f 646 647 648 649 
f 650 651 652 653 
f 654 655 656 657 
f 658 640 659 
f 660 661 662 663 
f 664 665 666 667 
f 668 669 670 671 
f 672 673 674 675 
f 676 640 677 
f 678 679 680 681 
f 682 683 684 685 
f 686 687 688 689 
f 690 691 692 693 
f 689 688 694 695 
f 685 684 696 697 
f 681 680 698 699 
f 677 640 700 
f 675 674 701 702 
f 671 670 703 704 
f 667 666 705 706 
f 663 662 707 708 
f 659 640 709 
f 657 656 710 711 
f 653 652 712 713 
f 649 648 714 715 
f 645 644 716 717 
f 641 640 718 
f 638 637 719 720 
f 634 633 721 722 
f 630 629 723 724 
f 626 625 725 726 
f 692 623 626 727 
f 728 640 729 
f 730 631 634 731 
f 732 635 638 733 
f 734 639 641 735 
f 736 642 645 737 
f 738 640 739 
f 740 650 653 741 
f 742 654 657 743 
f 744 658 659 745 
f 746 660 663 747 
f 748 640 749 
f 750 668 671 751 
f 752 672 675 753 
f 754 676 677 755 
f 756 678 681 757 
f 758 640 759 
f 760 686 689 761 
f 691 762 623 692 
f 688 640 694 
f 684 760 761 696 
f 680 758 759 698 
f 763 756 757 764 
f 674 754 755 701 
f 670 640 703 
f 666 750 751 705 
f 662 748 749 707 
f 765 746 747 766 
f 656 744 745 710 
f 652 640 712 
f 648 740 741 714 
f 644 738 739 716 
f 767 736 737 768 
f 637 734 735 719 
f 633 640 721 
f 629 730 731 723 
f 625 728 729 725 
f 693 692 727 769 
f 770 640 728 
f 726 725 631 730 
f 724 723 635 732 
f 722 721 639 734 
f 720 719 642 736 
f 718 640 738 
f 717 716 650 740 
f 715 714 654 742 
f 713 712 658 744 
f 711 710 660 746 
f 709 640 748 
f 708 707 668 750 
f 706 705 672 752 
f 704 703 676 754 
f 702 701 678 756 
f 700 640 758 
f 699 698 686 760 
f 697 696 691 690 
f 762 695 624 623 
f 696 761 762 691 
f 698 759 687 686 
f 764 757 683 682 
f 701 755 679 678 
f 703 640 676 
f 705 751 673 672 
f 707 749 669 668 
f 766 747 665 664 
f 710 745 661 660 
f 712 640 658 
f 714 741 655 654 
f 716 739 651 650 
f 768 737 647 646 
f 719 735 643 642 
f 721 640 639 
f 723 731 636 635 
f 725 729 632 631 
f 769 727 628 627 
f 624 770 728 625 
f 628 726 730 629 
f 632 640 633 
f 636 722 734 637 
f 771 720 736 767 
f 643 718 738 644 
f 647 717 740 648 
f 651 640 652 
f 655 713 744 656 
f 772 711 746 765 
f 661 709 748 662 
f 665 708 750 666 
f 669 640 670 
f 673 704 754 674 
f 773 702 756 763 
f 679 700 758 680 
f 683 699 760 684 
f 687 640 688 
f 695 694 770 624 
f 761 689 695 762 
f 759 640 687 
f 757 681 699 683 
f 755 677 700 679 
f 753 675 702 773 
f 751 671 704 673 
f 749 640 669 
f 747 663 708 665 
f 745 659 709 661 
f 743 657 711 772 
f 741 653 713 655 
f 739 640 651 
f 737 645 717 647 
f 735 641 718 643 
f 733 638 720 771 
f 731 634 722 636 
f 729 640 632 
f 727 626 726 628 
f 694 640 770 
f 774 775 776 777 
f 778 769 627 779 
f 780 781 782 783 
f 782 784 785 786 
f 787 732 733 788 
f 789 790 791 792 
f 791 793 794 795 
f 796 768 646 797 
f 798 799 800 801 
f 800 802 803 804 
f 805 742 743 806 
f 807 808 809 810 
f 809 811 812 813 
f 814 766 664 815 
f 816 817 818 819 
f 818 820 821 822 
f 823 752 753 824 
f 825 826 827 828 
f 827 829 830 831 
f 832 764 682 833 
f 834 835 836 837 
f 836 838 839 840 
f 841 690 693 842 
f 843 697 690 841 
f 835 844 838 836 
f 845 846 835 834 
f 847 763 764 832 
f 826 848 829 827 
f 849 850 826 825 
f 851 706 752 823 
f 817 852 820 818 
f 853 854 817 816 
f 855 765 766 814 
f 808 856 811 809 
f 857 858 808 807 
f 859 715 742 805 
f 799 860 802 800 
f 861 862 799 798 
f 863 767 768 796 
f 790 864 793 791 
f 865 866 790 789 
f 867 724 732 787 
f 781 868 784 782 
f 869 870 781 780 
f 842 693 769 778 
f 775 871 872 776 
f 872 778 779 873 
f 780 783 874 
f 784 875 876 785 
f 876 787 788 877 
f 789 792 874 
f 793 878 879 794 
f 879 796 797 880 
f 798 801 874 
f 802 881 882 803 
f 882 805 806 883 
f 807 810 874 
f 811 884 885 812 
f 885 814 815 886 
f 816 819 874 
f 820 887 888 821 
f 888 823 824 889 
f 825 828 874 
f 829 890 891 830 
f 891 832 833 892 
f 834 837 874 
f 838 893 894 839 
f 894 841 842 871 
f 893 843 841 894 
f 844 895 893 838 
f 845 834 874 
f 890 847 832 891 
f 848 896 890 829 
f 849 825 874 
f 887 851 823 888 
f 852 897 887 820 
f 853 816 874 
f 884 855 814 885 
f 856 898 884 811 
f 857 807 874 
f 881 859 805 882 
f 860 899 881 802 
f 861 798 874 
f 878 863 796 879 
f 864 900 878 793 
f 865 789 874 
f 875 867 787 876 
f 868 901 875 784 
f 869 780 874 
f 871 842 778 872 
f 902 903 874 
f 776 872 873 904 
f 873 779 905 901 
f 783 906 874 
f 785 876 877 907 
f 877 788 908 900 
f 792 909 874 
f 794 879 880 910 
f 880 797 911 899 
f 801 912 874 
f 803 882 883 913 
f 883 806 914 898 
f 810 915 874 
f 812 885 886 916 
f 886 815 917 897 
f 819 918 874 
f 821 888 889 919 
f 889 824 920 896 
f 828 921 874 
f 830 891 892 922 
f 892 833 923 895 
f 837 924 874 
f 839 894 871 775 
f 924 902 874 
f 895 923 843 893 
f 922 892 895 844 
f 921 845 874 
f 896 920 847 890 
f 919 889 896 848 
f 918 849 874 
f 897 917 851 887 
f 916 886 897 852 
f 915 853 874 
f 898 914 855 884 
f 913 883 898 856 
f 912 857 874 
f 899 911 859 881 
f 910 880 899 860 
f 909 861 874 
f 900 908 863 878 
f 907 877 900 864 
f 906 865 874 
f 901 905 867 875 
f 904 873 901 868 
f 903 869 874 
f 902 774 777 903 
f 777 776 904 870 
f 779 627 630 905 
f 783 782 786 906 
f 786 785 907 866 
f 788 733 771 908 
f 792 791 795 909 
f 795 794 910 862 
f 797 646 649 911 
f 801 800 804 912 
f 804 803 913 858 
f 806 743 772 914 
f 810 809 813 915 
f 813 812 916 854 
f 815 664 667 917 
f 819 818 822 918 
f 822 821 919 850 
f 824 753 773 920 
f 828 827 831 921 
f 831 830 922 846 
f 833 682 685 923 
f 837 836 840 924 
f 840 839 775 774 
f 924 840 774 902 
f 923 685 697 843 
f 846 922 844 835 
f 921 831 846 845 
f 920 773 763 847 
f 850 919 848 826 
f 918 822 850 849 
f 917 667 706 851 
f 854 916 852 817 
f 915 813 854 853 
f 914 772 765 855 
f 858 913 856 808 
f 912 804 858 857 
f 911 649 715 859 
f 862 910 860 799 
f 909 795 862 861 
f 908 771 767 863 
f 866 907 864 790 
f 906 786 866 865 
f 905 630 724 867 
f 870 904 868 781 
f 903 777 870 869 
f 925 926 927 
f 928 929 930 931 
f 932 933 934 935 
f 936 937 938 939 
f 940 941 942 943 
f 944 945 927 
f 946 947 948 949 
f 950 951 952 953 
f 954 955 956 957 
f 958 959 960 961 
f 962 963 927 
f 964 965 966 967 
f 968 969 970 971 
f 972 973 974 975 
f 976 977 978 979 
f 980 981 927 
f 982 983 984 985 
f 986 987 988 989 
f 990 991 992 993 
f 994 995 990 996 
f 997 998 987 986 
f 999 1000 983 982 
f 1001 980 927 
f 1002 1003 977 976 
f 1004 1005 973 972 
f 1006 1007 969 968 
f 1008 1009 965 964 
f 1010 962 927 
f 1011 1012 959 958 
f 1013 1014 955 954 
f 1015 1016 951 950 
f 1017 1018 947 946 
f 1019 944 927 
f 1020 1021 941 940 
f 1022 1023 937 936 
f 1024 1025 933 932 
f 1026 1027 929 928 
f 992 1028 1029 1027 
f 926 1030 927 
f 931 930 1031 1023 
f 935 934 1032 1021 
f 939 938 1033 1019 
f 943 942 1034 1018 
f 945 1035 927 
f 949 948 1036 1014 
f 953 952 1037 1012 
f 957 956 1038 1010 
f 961 960 1039 1009 
f 963 1040 927 
f 967 966 1041 1005 
f 971 970 1042 1003 
f 975 974 1043 1001 
f 979 978 1044 1000 
f 981 1045 927 
f 985 984 1046 995 
f 991 989 1028 992 
f 989 988 1047 1028 
f 1048 985 995 994 
f 1049 1050 998 997 
f 1051 979 1000 999 
f 975 1001 927 
f 1052 971 1003 1002 
f 1053 967 1005 1004 
f 1054 1055 1007 1006 
f 1056 961 1009 1008 
f 957 1010 927 
f 1057 953 1012 1011 
f 1058 949 1014 1013 
f 1059 1060 1016 1015 
f 1061 943 1018 1017 
f 939 1019 927 
f 1062 935 1021 1020 
f 1063 931 1023 1022 
f 1064 1065 1025 1024 
f 993 992 1027 1026 
f 1027 1029 1064 929 
f 1030 1063 927 
f 1023 1031 1062 937 
f 1021 1032 1066 941 
f 1019 1033 1061 944 
f 1018 1034 1059 947 
f 1035 1058 927 
f 1014 1036 1057 955 
f 1012 1037 1067 959 
f 1010 1038 1056 962 
f 1009 1039 1054 965 
f 1040 1053 927 
f 1005 1041 1052 973 
f 1003 1042 1068 977 
f 1001 1043 1051 980 
f 1000 1044 1049 983 
f 1045 1048 927 
f 995 1046 991 990 
f 996 925 927 
f 1046 986 989 991 
f 1045 982 985 1048 
f 1044 1069 1050 1049 
f 1043 976 979 1051 
f 972 975 927 
f 1041 968 971 1052 
f 1040 964 967 1053 
f 1039 1070 1055 1054 
f 1038 958 961 1056 
f 954 957 927 
f 1036 950 953 1057 
f 1035 946 949 1058 
f 1034 1071 1060 1059 
f 1033 940 943 1061 
f 936 939 927 
f 1031 932 935 1062 
f 1030 928 931 1063 
f 1029 1072 1065 1064 
f 925 993 1026 926 
f 929 1064 1024 930 
f 1063 1022 927 
f 937 1062 1020 938 
f 941 1066 1073 942 
f 944 1061 1017 945 
f 947 1059 1015 948 
f 1058 1013 927 
f 955 1057 1011 956 
f 959 1067 1074 960 
f 962 1056 1008 963 
f 965 1054 1006 966 
f 1053 1004 927 
f 973 1052 1002 974 
f 977 1068 1075 978 
f 980 1051 999 981 
f 983 1049 997 984 
f 1048 994 927 
f 996 990 993 925 
f 994 996 927 
f 984 997 986 1046 
f 981 999 982 1045 
f 978 1075 1069 1044 
f 974 1002 976 1043 
f 1004 972 927 
f 966 1006 968 1041 
f 963 1008 964 1040 
f 960 1074 1070 1039 
f 956 1011 958 1038 
f 1013 954 927 
f 948 1015 950 1036 
f 945 1017 946 1035 
f 942 1073 1071 1034 
f 938 1020 940 1033 
f 1022 936 927 
f 930 1024 932 1031 
f 926 1026 928 1030 
f 1028 1047 1072 1029 
f 1076 1077 1078 1079 
f 1072 1080 1081 1065 
f 1082 1083 1084 1085 
f 1086 1085 1087 1088 
f 934 1089 1090 1032 
f 1091 1092 1093 1094 
f 1095 1094 1096 1097 
f 1071 1098 1099 1060 
f 1100 1101 1102 1103 
f 1104 1103 1105 1106 
f 952 1107 1108 1037 
f 1109 1110 1111 1112 
f 1113 1112 1114 1115 
f 1070 1116 1117 1055 
f 1118 1119 1120 1121 
f 1122 1121 1123 1124 
f 970 1125 1126 1042 
f 1127 1128 1129 1130 
f 1131 1130 1132 1133 
f 1069 1134 1135 1050 
f 1136 1137 1138 1139 
f 1140 1139 1141 1142 
f 988 1143 1144 1047 
f 987 1145 1143 988 
f 1146 1136 1139 1140 
f 1147 1148 1137 1136 
f 1075 1149 1134 1069 
f 1150 1127 1130 1131 
f 1151 1152 1128 1127 
f 969 1153 1125 970 
f 1154 1118 1121 1122 
f 1155 1156 1119 1118 
f 1074 1157 1116 1070 
f 1158 1109 1112 1113 
f 1159 1160 1110 1109 
f 951 1161 1107 952 
f 1162 1100 1103 1104 
f 1163 1164 1101 1100 
f 1073 1165 1098 1071 
f 1166 1091 1094 1095 
f 1167 1168 1092 1091 
f 933 1169 1089 934 
f 1170 1082 1085 1086 
f 1171 1172 1083 1082 
f 1047 1144 1080 1072 
f 1173 1076 1079 1174 
f 1080 1174 1175 1081 
f 1083 1176 1084 
f 1177 1086 1088 1178 
f 1089 1178 1179 1090 
f 1092 1176 1093 
f 1180 1095 1097 1181 
f 1098 1181 1182 1099 
f 1101 1176 1102 
f 1183 1104 1106 1184 
f 1107 1184 1185 1108 
f 1110 1176 1111 
f 1186 1113 1115 1187 
f 1116 1187 1188 1117 
f 1119 1176 1120 
f 1189 1122 1124 1190 
f 1125 1190 1191 1126 
f 1128 1176 1129 
f 1192 1131 1133 1193 
f 1134 1193 1194 1135 
f 1137 1176 1138 
f 1195 1140 1142 1196 
f 1143 1196 1173 1144 
f 1145 1195 1196 1143 
f 1197 1146 1140 1195 
f 1148 1176 1137 
f 1149 1192 1193 1134 
f 1198 1150 1131 1192 
f 1152 1176 1128 
f 1153 1189 1190 1125 
f 1199 1154 1122 1189 
f 1156 1176 1119 
f 1157 1186 1187 1116 
f 1200 1158 1113 1186 
f 1160 1176 1110 
f 1161 1183 1184 1107 
f 1201 1162 1104 1183 
f 1164 1176 1101 
f 1165 1180 1181 1098 
f 1202 1166 1095 1180 
f 1168 1176 1092 
f 1169 1177 1178 1089 
f 1203 1170 1086 1177 
f 1172 1176 1083 
f 1144 1173 1174 1080 
f 1204 1176 1205 
f 1174 1079 1206 1175 
f 1081 1175 1203 1207 
f 1084 1176 1208 
f 1178 1088 1209 1179 
f 1090 1179 1202 1210 
f 1093 1176 1211 
f 1181 1097 1212 1182 
f 1099 1182 1201 1213 
f 1102 1176 1214 
f 1184 1106 1215 1185 
f 1108 1185 1200 1216 
f 1111 1176 1217 
f 1187 1115 1218 1188 
f 1117 1188 1199 1219 
f 1120 1176 1220 
f 1190 1124 1221 1191 
f 1126 1191 1198 1222 
f 1129 1176 1223 
f 1193 1133 1224 1194 
f 1135 1194 1197 1225 
f 1138 1176 1226 
f 1196 1142 1076 1173 
f 1226 1176 1204 
f 1225 1197 1195 1145 
f 1194 1224 1146 1197 
f 1223 1176 1148 
f 1222 1198 1192 1149 
f 1191 1221 1150 1198 
f 1220 1176 1152 
f 1219 1199 1189 1153 
f 1188 1218 1154 1199 
f 1217 1176 1156 
f 1216 1200 1186 1157 
f 1185 1215 1158 1200 
f 1214 1176 1160 
f 1213 1201 1183 1161 
f 1182 1212 1162 1201 
f 1211 1176 1164 
f 1210 1202 1180 1165 
f 1179 1209 1166 1202 
f 1208 1176 1168 
f 1207 1203 1177 1169 
f 1175 1206 1170 1203 
f 1205 1176 1172 
f 1077 1204 1205 1078 
f 1079 1078 1171 1206 
f 1065 1081 1207 1025 
f 1085 1084 1208 1087 
f 1088 1087 1167 1209 
f 1032 1090 1210 1066 
f 1094 1093 1211 1096 
f 1097 1096 1163 1212 
f 1060 1099 1213 1016 
f 1103 1102 1214 1105 
f 1106 1105 1159 1215 
f 1037 1108 1216 1067 
f 1112 1111 1217 1114 
f 1115 1114 1155 1218 
f 1055 1117 1219 1007 
f 1121 1120 1220 1123 
f 1124 1123 1151 1221 
f 1042 1126 1222 1068 
f 1130 1129 1223 1132 
f 1133 1132 1147 1224 
f 1050 1135 1225 998 
f 1139 1138 1226 1141 
f 1142 1141 1077 1076 
f 1141 1226 1204 1077 
f 998 1225 1145 987 
f 1224 1147 1136 1146 
f 1132 1223 1148 1147 
f 1068 1222 1149 1075 
f 1221 1151 1127 1150 
f 1123 1220 1152 1151 
f 1007 1219 1153 969 
f 1218 1155 1118 1154 
f 1114 1217 1156 1155 
f 1067 1216 1157 1074 
f 1215 1159 1109 1158 
f 1105 1214 1160 1159 
f 1016 1213 1161 951 
f 1212 1163 1100 1162 
f 1096 1211 1164 1163 
f 1066 1210 1165 1073 
f 1209 1167 1091 1166 
f 1087 1208 1168 1167 
f 1025 1207 1169 933 
f 1206 1171 1082 1170 
f 1078 1205 1172 1171 
f 1227 1228 1229 
f 1230 1231 1232 1233 
f 1234 1235 1236 1237 
f 1238 1239 1240 1241 
f 1242 1243 1244 1245 
f 1246 1247 1229 
f 1248 1249 1250 1251 
f 1252 1253 1254 1255 
f 1256 1257 1258 1259 
f 1260 1261 1262 1263 
f 1264 1265 1229 
f 1266 1267 1268 1269 
f 1270 1271 1272 1273 
f 1274 1275 1276 1277 
f 1278 1279 1280 1281 
f 1282 1283 1229 
f 1284 1285 1286 1287 
f 1288 1289 1290 1291 
f 1292 1293 1294 1227 
f 1295 1296 1297 1298 
f 1299 1300 1301 
f 1302 1303 1304 1305 
f 1306 1307 1308 1309 
f 1310 1311 1312 1313 
f 1314 1315 1316 1317 
f 1318 1300 1319 
f 1320 1321 1322 1323 
f 1324 1325 1326 1327 
f 1328 1329 1330 1331 
f 1332 1333 1334 1335 
f 1336 1300 1337 
f 1338 1339 1340 1341 
f 1342 1343 1344 1345 
f 1346 1347 1348 1349 
f 1350 1351 1352 1353 
f 1354 1300 1355 
f 1356 1357 1358 1359 
f 1360 1300 1361 
f 1362 1356 1359 1363 
f 1364 1354 1355 1365 
f 1366 1350 1353 1367 
f 1368 1346 1349 1369 
f 1370 1300 1371 
f 1372 1338 1341 1373 
f 1374 1336 1337 1375 
f 1376 1332 1335 1377 
f 1378 1328 1331 1379 
f 1380 1300 1381 
f 1382 1320 1323 1383 
f 1384 1318 1319 1385 
f 1386 1314 1317 1387 
f 1388 1310 1313 1389 
f 1390 1300 1391 
f 1392 1302 1305 1393 
f 1394 1299 1301 1395 
f 1396 1295 1298 1397 
f 1293 1398 1399 1294 
f 1400 1401 1229 
f 1285 1402 1403 1286 
f 1282 1404 1405 1283 
f 1279 1406 1407 1280 
f 1275 1408 1409 1276 
f 1410 1411 1229 
f 1267 1412 1413 1268 
f 1264 1414 1415 1265 
f 1261 1416 1417 1262 
f 1257 1418 1419 1258 
f 1420 1421 1229 
f 1249 1422 1423 1250 
f 1246 1424 1425 1247 
f 1243 1426 1427 1244 
f 1239 1428 1429 1240 
f 1430 1431 1229 
f 1231 1432 1433 1232 
f 1227 1294 1434 1228 
f 1435 1436 1437 1432 
f 1438 1230 1233 1430 
f 1439 1234 1237 1428 
f 1238 1241 1229 
f 1440 1242 1245 1424 
f 1441 1442 1443 1422 
f 1444 1248 1251 1420 
f 1445 1252 1255 1418 
f 1256 1259 1229 
f 1446 1260 1263 1414 
f 1447 1448 1449 1412 
f 1450 1266 1269 1410 
f 1451 1270 1273 1408 
f 1274 1277 1229 
f 1452 1278 1281 1404 
f 1453 1454 1455 1402 
f 1456 1284 1287 1400 
f 1457 1288 1291 1398 
f 1292 1227 1229 
f 1296 1458 1394 1297 
f 1459 1460 1392 1461 
f 1303 1462 1390 1304 
f 1307 1463 1388 1308 
f 1311 1300 1312 
f 1315 1464 1384 1316 
f 1465 1466 1382 1467 
f 1321 1468 1380 1322 
f 1325 1469 1378 1326 
f 1329 1300 1330 
f 1333 1470 1374 1334 
f 1471 1472 1372 1473 
f 1339 1474 1370 1340 
f 1343 1475 1368 1344 
f 1347 1300 1348 
f 1351 1476 1364 1352 
f 1477 1478 1362 1479 
f 1357 1480 1360 1358 
f 1359 1358 1481 1482 
f 1479 1362 1363 1483 
f 1352 1364 1365 1484 
f 1348 1300 1485 
f 1344 1368 1369 1486 
f 1340 1370 1371 1487 
f 1473 1372 1373 1488 
f 1334 1374 1375 1489 
f 1330 1300 1490 
f 1326 1378 1379 1491 
f 1322 1380 1381 1492 
f 1467 1382 1383 1493 
f 1316 1384 1385 1494 
f 1312 1300 1495 
f 1308 1388 1389 1496 
f 1304 1390 1391 1497 
f 1461 1392 1393 1498 
f 1297 1394 1395 1499 
f 1361 1300 1500 
f 1398 1291 1501 1399 
f 1400 1287 1502 1401 
f 1402 1455 1503 1403 
f 1404 1281 1504 1405 
f 1277 1505 1229 
f 1408 1273 1506 1409 
f 1410 1269 1507 1411 
f 1412 1449 1508 1413 
f 1414 1263 1509 1415 
f 1259 1510 1229 
f 1418 1255 1511 1419 
f 1420 1251 1512 1421 
f 1422 1443 1513 1423 
f 1424 1245 1514 1425 
f 1241 1515 1229 
f 1428 1237 1516 1429 
f 1430 1233 1517 1431 
f 1432 1437 1518 1433 
f 1294 1399 1519 1434 
f 1519 1435 1432 1231 
f 1438 1430 1229 
f 1517 1439 1428 1239 
f 1516 1520 1426 1243 
f 1515 1440 1424 1246 
f 1514 1441 1422 1249 
f 1444 1420 1229 
f 1512 1445 1418 1257 
f 1511 1521 1416 1261 
f 1510 1446 1414 1264 
f 1509 1447 1412 1267 
f 1450 1410 1229 
f 1507 1451 1408 1275 
f 1506 1522 1406 1279 
f 1505 1452 1404 1282 
f 1504 1453 1402 1285 
f 1456 1400 1229 
f 1502 1457 1398 1293 
f 1523 1524 1295 1396 
f 1458 1500 1299 1394 
f 1460 1499 1302 1392 
f 1462 1300 1390 
f 1463 1497 1310 1388 
f 1525 1496 1314 1386 
f 1464 1495 1318 1384 
f 1466 1494 1320 1382 
f 1468 1300 1380 
f 1469 1492 1328 1378 
f 1526 1491 1332 1376 
f 1470 1490 1336 1374 
f 1472 1489 1338 1372 
f 1474 1300 1370 
f 1475 1487 1346 1368 
f 1527 1486 1350 1366 
f 1476 1485 1354 1364 
f 1478 1484 1356 1362 
f 1480 1300 1360 
f 1358 1360 1361 1481 
f 1355 1300 1480 
f 1353 1352 1484 1478 
f 1349 1348 1485 1476 
f 1345 1344 1486 1527 
f 1341 1340 1487 1475 
f 1337 1300 1474 
f 1335 1334 1489 1472 
f 1331 1330 1490 1470 
f 1327 1326 1491 1526 
f 1323 1322 1492 1469 
f 1319 1300 1468 
f 1317 1316 1494 1466 
f 1313 1312 1495 1464 
f 1309 1308 1496 1525 
f 1305 1304 1497 1463 
f 1301 1300 1462 
f 1298 1297 1499 1460 
f 1481 1361 1500 1458 
f 1291 1290 1528 1501 
f 1287 1286 1457 1502 
f 1283 1456 1229 
f 1281 1280 1453 1504 
f 1277 1276 1452 1505 
f 1273 1272 1522 1506 
f 1269 1268 1451 1507 
f 1265 1450 1229 
f 1263 1262 1447 1509 
f 1259 1258 1446 1510 
f 1255 1254 1521 1511 
f 1251 1250 1445 1512 
f 1247 1444 1229 
f 1245 1244 1441 1514 
f 1241 1240 1440 1515 
f 1237 1236 1520 1516 
f 1233 1232 1439 1517 
f 1228 1438 1229 
f 1399 1501 1435 1519 
f 1434 1519 1231 1230 
f 1433 1518 1235 1234 
f 1431 1517 1239 1238 
f 1429 1516 1243 1242 
f 1515 1246 1229 
f 1425 1514 1249 1248 
f 1423 1513 1253 1252 
f 1421 1512 1257 1256 
f 1419 1511 1261 1260 
f 1510 1264 1229 
f 1415 1509 1267 1266 
f 1413 1508 1271 1270 
f 1411 1507 1275 1274 
f 1409 1506 1279 1278 
f 1505 1282 1229 
f 1405 1504 1285 1284 
f 1403 1503 1289 1288 
f 1401 1502 1293 1292 
f 1524 1482 1296 1295 
f 1500 1300 1299 
f 1499 1395 1303 1302 
f 1498 1393 1307 1306 
f 1497 1391 1311 1310 
f 1496 1389 1315 1314 
f 1495 1300 1318 
f 1494 1385 1321 1320 
f 1493 1383 1325 1324 
f 1492 1381 1329 1328 
f 1491 1379 1333 1332 
f 1490 1300 1336 
f 1489 1375 1339 1338 
f 1488 1373 1343 1342 
f 1487 1371 1347 1346 
f 1486 1369 1351 1350 
f 1485 1300 1354 
f 1484 1365 1357 1356 
f 1363 1359 1482 1524 
f 1483 1363 1524 1523 
f 1365 1355 1480 1357 
f 1367 1353 1478 1477 
f 1369 1349 1476 1351 
f 1371 1300 1347 
f 1373 1341 1475 1343 
f 1375 1337 1474 1339 
f 1377 1335 1472 1471 
f 1379 1331 1470 1333 
f 1381 1300 1329 
f 1383 1323 1469 1325 
f 1385 1319 1468 1321 
f 1387 1317 1466 1465 
f 1389 1313 1464 1315 
f 1391 1300 1311 
f 1393 1305 1463 1307 
f 1395 1301 1462 1303 
f 1397 1298 1460 1459 
f 1482 1481 1458 1296 
f 1401 1292 1229 
f 1286 1403 1288 1457 
f 1283 1405 1284 1456 
f 1280 1407 1454 1453 
f 1276 1409 1278 1452 
f 1411 1274 1229 
f 1268 1413 1270 1451 
f 1265 1415 1266 1450 
f 1262 1417 1448 1447 
f 1258 1419 1260 1446 
f 1421 1256 1229 
f 1250 1423 1252 1445 
f 1247 1425 1248 1444 
f 1244 1427 1442 1441 
f 1240 1429 1242 1440 
f 1431 1238 1229 
f 1232 1433 1234 1439 
f 1228 1434 1230 1438 
f 1501 1528 1436 1435 
f 1529 1530 1531 1532 
f 1436 1533 1534 1437 
f 1535 1536 1537 1538 
f 1539 1538 1540 1541 
f 1236 1542 1543 1520 
f 1544 1545 1546 1547 
f 1548 1547 1549 1550 
f 1442 1551 1552 1443 
f 1553 1554 1555 1556 
f 1557 1556 1558 1559 
f 1254 1560 1561 1521 
f 1562 1563 1564 1565 
f 1566 1565 1567 1568 
f 1448 1569 1570 1449 
f 1571 1572 1573 1574 
f 1575 1574 1576 1577 
f 1272 1578 1579 1522 
f 1580 1581 1582 1583 
f 1584 1583 1585 1586 
f 1454 1587 1588 1455 
f 1589 1590 1591 1592 
f 1593 1592 1594 1595 
f 1290 1596 1597 1528 
f 1598 1599 1600 1601 
f 1600 1602 1603 1604 
f 1605 1459 1461 1606 
f 1607 1608 1609 1610 
f 1609 1611 1612 1613 
f 1614 1309 1525 1615 
f 1616 1617 1618 1619 
f 1618 1620 1621 1622 
f 1623 1465 1467 1624 
f 1625 1626 1627 1628 
f 1627 1629 1630 1631 
f 1632 1327 1526 1633 
f 1634 1635 1636 1637 
f 1636 1638 1639 1640 
f 1641 1471 1473 1642 
f 1643 1644 1645 1646 
f 1645 1647 1648 1649 
f 1650 1345 1527 1651 
f 1652 1653 1654 1655 
f 1654 1656 1657 1658 
f 1659 1477 1479 1660 
f 1661 1662 1663 1664 
f 1662 1665 1666 1663 
f 1667 1668 1662 1661 
f 1669 1367 1477 1659 
f 1653 1670 1656 1654 
f 1671 1672 1653 1652 
f 1673 1342 1345 1650 
f 1644 1674 1647 1645 
f 1675 1676 1644 1643 
f 1677 1377 1471 1641 
f 1635 1678 1638 1636 
f 1679 1680 1635 1634 
f 1681 1324 1327 1632 
f 1626 1682 1629 1627 
f 1683 1684 1626 1625 
f 1685 1387 1465 1623 
f 1617 1686 1620 1618 
f 1687 1688 1617 1616 
f 1689 1306 1309 1614 
f 1608 1690 1611 1609 
f 1691 1692 1608 1607 
f 1693 1397 1459 1605 
f 1599 1694 1602 1600 
f 1664 1663 1599 1598 
f 1289 1695 1596 1290 
f 1696 1589 1592 1593 
f 1697 1698 1590 1589 
f 1407 1699 1587 1454 
f 1700 1580 1583 1584 
f 1701 1702 1581 1580 
f 1271 1703 1578 1272 
f 1704 1571 1574 1575 
f 1705 1706 1572 1571 
f 1417 1707 1569 1448 
f 1708 1562 1565 1566 
f 1709 1710 1563 1562 
f 1253 1711 1560 1254 
f 1712 1553 1556 1557 
f 1713 1714 1554 1553 
f 1427 1715 1551 1442 
f 1716 1544 1547 1548 
f 1717 1718 1545 1544 
f 1235 1719 1542 1236 
f 1720 1535 1538 1539 
f 1721 1722 1536 1535 
f 1528 1597 1533 1436 
f 1723 1529 1532 1724 
f 1533 1724 1725 1534 
f 1536 1726 1537 
f 1727 1539 1541 1728 
f 1542 1728 1729 1543 
f 1545 1726 1546 
f 1730 1548 1550 1731 
f 1551 1731 1732 1552 
f 1554 1726 1555 
f 1733 1557 1559 1734 
f 1560 1734 1735 1561 
f 1563 1726 1564 
f 1736 1566 1568 1737 
f 1569 1737 1738 1570 
f 1572 1726 1573 
f 1739 1575 1577 1740 
f 1578 1740 1741 1579 
f 1581 1726 1582 
f 1742 1584 1586 1743 
f 1587 1743 1744 1588 
f 1590 1726 1591 
f 1745 1593 1595 1746 
f 1596 1746 1723 1597 
f 1598 1601 1747 
f 1602 1748 1749 1603 
f 1749 1605 1606 1750 
f 1607 1610 1747 
f 1611 1751 1752 1612 
f 1752 1614 1615 1753 
f 1616 1619 1747 
f 1620 1754 1755 1621 
f 1755 1623 1624 1756 
f 1625 1628 1747 
f 1629 1757 1758 1630 
f 1758 1632 1633 1759 
f 1634 1637 1747 
f 1638 1760 1761 1639 
f 1761 1641 1642 1762 
f 1643 1646 1747 
f 1647 1763 1764 1648 
f 1764 1650 1651 1765 
f 1652 1655 1747 
f 1656 1766 1767 1657 
f 1767 1659 1660 1768 
f 1661 1664 1747 
f 1665 1769 1770 1666 
f 1667 1661 1747 
f 1766 1669 1659 1767 
f 1670 1771 1766 1656 
f 1671 1652 1747 
f 1763 1673 1650 1764 
f 1674 1772 1763 1647 
f 1675 1643 1747 
f 1760 1677 1641 1761 
f 1678 1773 1760 1638 
f 1679 1634 1747 
f 1757 1681 1632 1758 
f 1682 1774 1757 1629 
f 1683 1625 1747 
f 1754 1685 1623 1755 
f 1686 1775 1754 1620 
f 1687 1616 1747 
f 1751 1689 1614 1752 
f 1690 1776 1751 1611 
f 1691 1607 1747 
f 1748 1693 1605 1749 
f 1694 1777 1748 1602 
f 1664 1598 1747 
f 1695 1745 1746 1596 
f 1778 1696 1593 1745 
f 1698 1726 1590 
f 1699 1742 1743 1587 
f 1779 1700 1584 1742 
f 1702 1726 1581 
f 1703 1739 1740 1578 
f 1780 1704 1575 1739 
f 1706 1726 1572 
f 1707 1736 1737 1569 
f 1781 1708 1566 1736 
f 1710 1726 1563 
f 1711 1733 1734 1560 
f 1782 1712 1557 1733 
f 1714 1726 1554 
f 1715 1730 1731 1551 
f 1783 1716 1548 1730 
f 1718 1726 1545 
f 1719 1727 1728 1542 
f 1784 1720 1539 1727 
f 1722 1726 1536 
f 1597 1723 1724 1533 
f 1785 1726 1786 
f 1724 1532 1787 1725 
f 1534 1725 1784 1788 
f 1537 1726 1789 
f 1728 1541 1790 1729 
f 1543 1729 1783 1791 
f 1546 1726 1792 
f 1731 1550 1793 1732 
f 1552 1732 1782 1794 
f 1555 1726 1795 
f 1734 1559 1796 1735 
f 1561 1735 1781 1797 
f 1564 1726 1798 
f 1737 1568 1799 1738 
f 1570 1738 1780 1800 
f 1573 1726 1801 
f 1740 1577 1802 1741 
f 1579 1741 1779 1803 
f 1582 1726 1804 
f 1743 1586 1805 1744 
f 1588 1744 1778 1806 
f 1591 1726 1807 
f 1746 1595 1529 1723 
f 1770 1808 1809 1777 
f 1601 1810 1747 
f 1603 1749 1750 1811 
f 1750 1606 1812 1776 
f 1610 1813 1747 
f 1612 1752 1753 1814 
f 1753 1615 1815 1775 
f 1619 1816 1747 
f 1621 1755 1756 1817 
f 1756 1624 1818 1774 
f 1628 1819 1747 
f 1630 1758 1759 1820 
f 1759 1633 1821 1773 
f 1637 1822 1747 
f 1639 1761 1762 1823 
f 1762 1642 1824 1772 
f 1646 1825 1747 
f 1648 1764 1765 1826 
f 1765 1651 1827 1771 
f 1655 1828 1747 
f 1657 1767 1768 1829 
f 1768 1660 1830 1769 
f 1769 1830 1808 1770 
f 1829 1768 1769 1665 
f 1828 1667 1747 
f 1771 1827 1669 1766 
f 1826 1765 1771 1670 
f 1825 1671 1747 
f 1772 1824 1673 1763 
f 1823 1762 1772 1674 
f 1822 1675 1747 
f 1773 1821 1677 1760 
f 1820 1759 1773 1678 
f 1819 1679 1747 
f 1774 1818 1681 1757 
f 1817 1756 1774 1682 
f 1816 1683 1747 
f 1775 1815 1685 1754 
f 1814 1753 1775 1686 
f 1813 1687 1747 
f 1776 1812 1689 1751 
f 1811 1750 1776 1690 
f 1810 1691 1747 
f 1777 1809 1693 1748 
f 1666 1770 1777 1694 
f 1807 1726 1785 
f 1806 1778 1745 1695 
f 1744 1805 1696 1778 
f 1804 1726 1698 
f 1803 1779 1742 1699 
f 1741 1802 1700 1779 
f 1801 1726 1702 
f 1800 1780 1739 1703 
f 1738 1799 1704 1780 
f 1798 1726 1706 
f 1797 1781 1736 1707 
f 1735 1796 1708 1781 
f 1795 1726 1710 
f 1794 1782 1733 1711 
f 1732 1793 1712 1782 
f 1792 1726 1714 
f 1791 1783 1730 1715 
f 1729 1790 1716 1783 
f 1789 1726 1718 
f 1788 1784 1727 1719 
f 1725 1787 1720 1784 
f 1786 1726 1722 
f 1530 1785 1786 1531 
f 1532 1531 1721 1787 
f 1437 1534 1788 1518 
f 1538 1537 1789 1540 
f 1541 1540 1717 1790 
f 1520 1543 1791 1426 
f 1547 1546 1792 1549 
f 1550 1549 1713 1793 
f 1443 1552 1794 1513 
f 1556 1555 1795 1558 
f 1559 1558 1709 1796 
f 1521 1561 1797 1416 
f 1565 1564 1798 1567 
f 1568 1567 1705 1799 
f 1449 1570 1800 1508 
f 1574 1573 1801 1576 
f 1577 1576 1701 1802 
f 1522 1579 1803 1406 
f 1583 1582 1804 1585 
f 1586 1585 1697 1805 
f 1455 1588 1806 1503 
f 1592 1591 1807 1594 
f 1595 1594 1530 1529 
f 1808 1523 1396 1809 
f 1601 1600 1604 1810 
f 1604 1603 1811 1692 
f 1606 1461 1498 1812 
f 1610 1609 1613 1813 
f 1613 1612 1814 1688 
f 1615 1525 1386 1815 
f 1619 1618 1622 1816 
f 1622 1621 1817 1684 
f 1624 1467 1493 1818 
f 1628 1627 1631 1819 
f 1631 1630 1820 1680 
f 1633 1526 1376 1821 
f 1637 1636 1640 1822 
f 1640 1639 1823 1676 
f 1642 1473 1488 1824 
f 1646 1645 1649 1825 
f 1649 1648 1826 1672 
f 1651 1527 1366 1827 
f 1655 1654 1658 1828 
f 1658 1657 1829 1668 
f 1660 1479 1483 1830 
f 1830 1483 1523 1808 
f 1668 1829 1665 1662 
f 1828 1658 1668 1667 
f 1827 1366 1367 1669 
f 1672 1826 1670 1653 
f 1825 1649 1672 1671 
f 1824 1488 1342 1673 
f 1676 1823 1674 1644 
f 1822 1640 1676 1675 
f 1821 1376 1377 1677 
f 1680 1820 1678 1635 
f 1819 1631 1680 1679 
f 1818 1493 1324 1681 
f 1684 1817 1682 1626 
f 1816 1622 1684 1683 
f 1815 1386 1387 1685 
f 1688 1814 1686 1617 
f 1813 1613 1688 1687 
f 1812 1498 1306 1689 
f 1692 1811 1690 1608 
f 1810 1604 1692 1691 
f 1809 1396 1397 1693 
f 1663 1666 1694 1599 
f 1594 1807 1785 1530 
f 1503 1806 1695 1289 
f 1805 1697 1589 1696 
f 1585 1804 1698 1697 
f 1406 1803 1699 1407 
f 1802 1701 1580 1700 
f 1576 1801 1702 1701 
f 1508 1800 1703 1271 
f 1799 1705 1571 1704 
f 1567 1798 1706 1705 
f 1416 1797 1707 1417 
f 1796 1709 1562 1708 
f 1558 1795 1710 1709 
f 1513 1794 1711 1253 
f 1793 1713 1553 1712 
f 1549 1792 1714 1713 
f 1426 1791 1715 1427 
f 1790 1717 1544 1716 
f 1540 1789 1718 1717 
f 1518 1788 1719 1235 
f 1787 1721 1535 1720 
f 1531 1786 1722 1721 

